'18SA',200,52945,80700,555
'18SA',200,80700,94030,510
'18SA',200,94030,115955,440
'18SA',200,115955,121955,400
'18SA',200,121955,185740,385
'18SA',200,185740,201820,440
'18SA',200,201820,205020,480
'18SA',200,205020,213250,510
'18SA',200,213250,232650,570
'18SA',200,232650,242650,600
'18SA',200,242650,243715,625
'18SA',200,243715,250845,630
'18SA',201,53000,81630,555
'18SA',201,81630,103230,510
'18SA',201,103230,124430,440
'18SA',201,124430,131110,400
'18SA',201,131110,192945,385
'18SA',201,192945,211225,440
'18SA',201,211225,214425,480
'18SA',201,214425,220955,510
'18SA',201,220955,221840,525
'18SA',201,221840,234155,555
'18SA',201,234155,241025,570
'18SA',201,241025,242000,575
'18SA',201,242000,250000,600
'18SF1',200,52945,82530,555
'18SF1',200,82530,83435,545
'18SF1',200,83435,112620,515
'18SF1',200,112620,131710,475
'18SF1',200,131710,170240,410
'18SF1',200,170240,170940,420
'18SF1',200,170940,183735,440
'18SF1',200,183735,201135,470
'18SF1',200,201135,214505,510
'18SF1',200,214505,221250,555
'18SF1',200,221250,222215,565
'18SF1',200,222215,243845,630
'18SF1',201,53000,84415,555
'18SF1',201,84415,121015,515
'18SF1',201,121015,140105,475
'18SF1',201,140105,174635,410
'18SF1',201,174635,192915,440
'18SF1',201,192915,205525,470
'18SF1',201,205525,222855,510
'18SF1',201,222855,225640,555
'18SF1',201,225640,230600,560
'18SF1',201,230600,243000,630
'18SF2',200,52945,82530,555
'18SF2',200,82530,83435,545
'18SF2',200,83435,112620,515
'18SF2',200,112620,131710,475
'18SF2',200,131710,170240,410
'18SF2',200,170240,170940,420
'18SF2',200,170940,183735,440
'18SF2',200,183735,201135,470
'18SF2',200,201135,214505,510
'18SF2',200,214505,221250,555
'18SF2',200,221250,222215,565
'18SF2',200,222215,243845,630
'18SF2',201,53000,84415,555
'18SF2',201,84415,121015,515
'18SF2',201,121015,140105,475
'18SF2',201,140105,174635,410
'18SF2',201,174635,192915,440
'18SF2',201,192915,205525,470
'18SF2',201,205525,222855,510
'18SF2',201,222855,225640,555
'18SF2',201,225640,230600,560
'18SF2',201,230600,243000,630
'18SI',200,52945,82530,555
'18SI',200,82530,83435,545
'18SI',200,83435,112620,515
'18SI',200,112620,131710,475
'18SI',200,131710,170240,410
'18SI',200,170240,170940,420
'18SI',200,170940,183735,440
'18SI',200,183735,201135,470
'18SI',200,201135,214505,510
'18SI',200,214505,221250,555
'18SI',200,221250,222215,565
'18SI',200,222215,243845,630
'18SI',201,53000,84415,555
'18SI',201,84415,121015,515
'18SI',201,121015,140105,475
'18SI',201,140105,174635,410
'18SI',201,174635,192915,440
'18SI',201,192915,205525,470
'18SI',201,205525,222855,510
'18SI',201,222855,225640,555
'18SI',201,225640,230600,560
'18SI',201,230600,243000,630
'18SS',200,52955,62355,360
'18SS',200,62355,62830,275
'18SS',200,62830,70620,225
'18SS',200,70620,71000,220
'18SS',200,71000,71650,205
'18SS',200,71650,74605,195
'18SS',200,74605,74855,170
'18SS',200,74855,75135,160
'18SS',200,75135,75645,155
'18SS',200,75645,81145,150
'18SS',200,81145,81425,160
'18SS',200,81425,81925,150
'18SS',200,81925,82205,160
'18SS',200,82205,82705,150
'18SS',200,82705,82945,160
'18SS',200,82945,83215,150
'18SS',200,83215,83515,180
'18SS',200,83515,84145,195
'18SS',200,84145,84520,215
'18SS',200,84520,92540,220
'18SS',200,92540,94755,225
'18SS',200,94755,95645,265
'18SS',200,95645,100135,290
'18SS',200,100135,101635,300
'18SS',200,101635,134635,360
'18SS',200,134635,142135,300
'18SS',200,142135,143115,290
'18SS',200,143115,143915,240
'18SS',200,143915,144635,220
'18SS',200,144635,150405,210
'18SS',200,150405,150740,205
'18SS',200,150740,152710,195
'18SS',200,152710,162740,165
'18SS',200,162740,164040,195
'18SS',200,164040,171910,210
'18SS',200,171910,175255,225
'18SS',200,175255,175705,250
'18SS',200,175705,213200,300
'18SS',200,213200,213730,345
'18SS',200,213730,223230,300
'18SS',200,223230,223840,370
'18SS',200,223840,224520,400
'18SS',200,224520,225950,435
'18SS',200,225950,235110,440
'18SS',200,235110,240610,450
'18SS',200,240610,242955,475
'18SS',200,242955,243850,535
'18SS',201,53000,53650,410
'18SS',201,53650,60920,390
'18SS',201,60920,61530,370
'18SS',201,61530,64530,360
'18SS',201,64530,70215,335
'18SS',201,70215,70715,300
'18SS',201,70715,72255,235
'18SS',201,72255,75255,225
'18SS',201,75255,75635,220
'18SS',201,75635,80325,205
'18SS',201,80325,83240,195
'18SS',201,83240,83530,170
'18SS',201,83530,83810,160
'18SS',201,83810,84320,155
'18SS',201,84320,85820,150
'18SS',201,85820,90100,160
'18SS',201,90100,90600,150
'18SS',201,90600,90840,160
'18SS',201,90840,91340,150
'18SS',201,91340,91620,160
'18SS',201,91620,91850,150
'18SS',201,91850,92150,180
'18SS',201,92150,92820,195
'18SS',201,92820,93155,215
'18SS',201,93155,101215,220
'18SS',201,101215,103445,225
'18SS',201,103445,103910,265
'18SS',201,103910,142710,360
'18SS',201,142710,143235,325
'18SS',201,143235,145235,300
'18SS',201,145235,145720,285
'18SS',201,145720,150145,265
'18SS',201,150145,153615,230
'18SS',201,153615,155345,210
'18SS',201,155345,161315,195
'18SS',201,161315,171345,165
'18SS',201,171345,172645,195
'18SS',201,172645,175115,210
'18SS',201,175115,182845,225
'18SS',201,182845,183255,250
'18SS',201,183255,183740,285
'18SS',201,183740,232240,300
'18SS',201,232240,232930,410
'18SS',201,232930,235115,435
'18SS',201,235115,243000,465
