'18SA',100,53000,72530,630
'18SA',100,72530,81210,560
'18SA',100,81210,104340,505
'18SA',100,104340,120020,460
'18SA',100,120020,120720,420
'18SA',100,120720,182420,390
'18SA',100,182420,183120,420
'18SA',100,183120,192500,460
'18SA',100,192500,212250,505
'18SA',100,212250,240130,560
'18SA',100,240130,241200,630
'18SA',100,241200,242300,660
'18SA',100,242300,250800,675
'18SA',101,53000,80730,630
'18SA',101,80730,85410,560
'18SA',101,85410,90245,515
'18SA',101,90245,100140,505
'18SA',101,100140,120420,460
'18SA',101,120420,182750,390
'18SA',101,182750,183520,450
'18SA',101,183520,200720,460
'18SA',101,200720,201535,495
'18SA',101,201535,220500,505
'18SA',101,220500,221410,550
'18SA',101,221410,231930,560
'18SA',101,231930,245400,630
'18SA',101,245400,250500,660
'18SF1',100,53000,72530,630
'18SF1',100,72530,84010,560
'18SF1',100,84010,121900,505
'18SF1',100,121900,150000,460
'18SF1',100,150000,182300,420
'18SF1',100,182300,183120,500
'18SF1',100,183120,221835,505
'18SF1',100,221835,222900,625
'18SF1',100,222900,240330,630
'18SF1',100,240330,243800,690
'18SF1',101,53000,80730,630
'18SF1',101,80730,92210,560
'18SF1',101,92210,93045,515
'18SF1',101,93045,113700,505
'18SF1',101,113700,141800,460
'18SF1',101,141800,182300,420
'18SF1',101,182300,213635,505
'18SF1',101,213635,214550,555
'18SF1',101,214550,230030,560
'18SF1',101,230030,243500,630
'18SF2',100,53000,72530,630
'18SF2',100,72530,84010,560
'18SF2',100,84010,121900,505
'18SF2',100,121900,150000,460
'18SF2',100,150000,182300,420
'18SF2',100,182300,183120,500
'18SF2',100,183120,221835,505
'18SF2',100,221835,222900,625
'18SF2',100,222900,240330,630
'18SF2',100,240330,243800,690
'18SF2',101,53000,80730,630
'18SF2',101,80730,92210,560
'18SF2',101,92210,93045,515
'18SF2',101,93045,113700,505
'18SF2',101,113700,141800,460
'18SF2',101,141800,182300,420
'18SF2',101,182300,213635,505
'18SF2',101,213635,214550,555
'18SF2',101,214550,230030,560
'18SF2',101,230030,243500,630
'18SI',100,53000,72530,630
'18SI',100,72530,84010,560
'18SI',100,84010,121900,505
'18SI',100,121900,150000,460
'18SI',100,150000,182300,420
'18SI',100,182300,183120,500
'18SI',100,183120,221835,505
'18SI',100,221835,222900,625
'18SI',100,222900,240330,630
'18SI',100,240330,243800,690
'18SI',101,53000,80730,630
'18SI',101,80730,92210,560
'18SI',101,92210,93045,515
'18SI',101,93045,113700,505
'18SI',101,113700,141800,460
'18SI',101,141800,182300,420
'18SI',101,182300,213635,505
'18SI',101,213635,214550,555
'18SI',101,214550,230030,560
'18SI',101,230030,243500,630
'18SS',100,53000,54000,600
'18SS',100,54000,55900,570
'18SS',100,55900,61500,480
'18SS',100,61500,62900,420
'18SS',100,62900,63500,360
'18SS',100,63500,64500,300
'18SS',100,64500,65900,280
'18SS',100,65900,70700,240
'18SS',100,70700,73020,200
'18SS',100,73020,73325,185
'18SS',100,73325,74505,175
'18SS',100,74505,74755,170
'18SS',100,74755,84825,165
'18SS',100,84825,85445,190
'18SS',100,85445,91125,200
'18SS',100,91125,92945,220
'18SS',100,92945,94645,255
'18SS',100,94645,100230,315
'18SS',100,100230,101330,330
'18SS',100,101330,151330,360
'18SS',100,151330,151830,300
'18SS',100,151830,152300,270
'18SS',100,152300,152710,250
'18SS',100,152710,161940,225
'18SS',100,161940,164855,195
'18SS',100,164855,172455,180
'18SS',100,172455,174110,195
'18SS',100,174110,185225,225
'18SS',100,185225,185620,235
'18SS',100,185620,190020,240
'18SS',100,190020,191820,270
'18SS',100,191820,192750,285
'18SS',100,192750,222750,300
'18SS',100,222750,223345,355
'18SS',100,223345,225745,360
'18SS',100,225745,240045,420
'18SS',100,240045,240800,435
'18SS',100,240800,243800,450
'18SS',101,53000,54000,600
'18SS',101,54000,54830,510
'18SS',101,54830,55600,450
'18SS',101,55600,61400,360
'18SS',101,61400,61930,330
'18SS',101,61930,62930,300
'18SS',101,62930,65730,240
'18SS',101,65730,70800,210
'18SS',101,70800,84215,195
'18SS',101,84215,92235,220
'18SS',101,92235,92735,300
'18SS',101,92735,93250,315
'18SS',101,93250,93815,325
'18SS',101,93815,145015,360
'18SS',101,145015,145525,310
'18SS',101,145525,150005,280
'18SS',101,150005,150430,265
'18SS',101,150430,153630,240
'18SS',101,153630,154000,210
'18SS',101,154000,160600,195
'18SS',101,160600,161800,180
'18SS',101,161800,171545,165
'18SS',101,171545,173515,195
'18SS',101,173515,175615,210
'18SS',101,175615,183000,225
'18SS',101,183000,183400,240
'18SS',101,183400,190530,270
'18SS',101,190530,223030,300
'18SS',101,223030,225430,360
'18SS',101,225430,233630,420
'18SS',101,233630,235900,450
'18SS',101,235900,240715,495
'18SS',101,240715,242515,540
'18SS',101,242515,243500,585
