'18NA',500,53000,92100,630
'18NA',500,92100,203230,510
'18NA',500,203230,204200,570
'18NA',500,204200,251500,630
'18NA',501,53000,84930,630
'18NA',501,84930,85945,615
'18NA',501,85945,201115,510
'18NA',501,201115,202100,585
'18NA',501,202100,251500,630
'18NF1',500,53000,71550,635
'18NF1',500,71550,230050,630
'18NF1',500,230050,244500,625
'18NF1',501,53000,55110,635
'18NF1',501,55110,235240,630
'18NF1',501,235240,241330,625
'18NF1',501,241330,244500,630
'18NF2',500,53000,92100,630
'18NF2',500,92100,194130,510
'18NF2',500,194130,195100,570
'18NF2',500,195100,244500,630
'18NF2',501,53000,84930,630
'18NF2',501,84930,85945,615
'18NF2',501,85945,192015,510
'18NF2',501,192015,193000,585
'18NF2',501,193000,244500,630
'18NF3',500,53000,71550,635
'18NF3',500,71550,230050,630
'18NF3',500,230050,244500,625
'18NF3',501,53000,55110,635
'18NF3',501,55110,235240,630
'18NF3',501,235240,241330,625
'18NF3',501,241330,244500,630
'18NF4',500,53000,92100,630
'18NF4',500,92100,194130,510
'18NF4',500,194130,195100,570
'18NF4',500,195100,244500,630
'18NF4',501,53000,84930,630
'18NF4',501,84930,85945,615
'18NF4',501,85945,192015,510
'18NF4',501,192015,193000,585
'18NF4',501,193000,244500,630
'18NI',500,53000,92100,630
'18NI',500,92100,194130,510
'18NI',500,194130,195100,570
'18NI',500,195100,244500,630
'18NI',501,53000,84930,630
'18NI',501,84930,85945,615
'18NI',501,85945,192015,510
'18NI',501,192015,193000,585
'18NI',501,193000,244500,630
'18NS',500,53000,53930,570
'18NS',500,53930,54800,510
'18NS',500,54800,55600,480
'18NS',500,55600,60215,375
'18NS',500,60215,80345,270
'18NS',500,80345,83815,230
'18NS',500,83815,92745,270
'18NS',500,92745,93345,360
'18NS',500,93345,145215,390
'18NS',500,145215,154715,300
'18NS',500,154715,173045,270
'18NS',500,173045,222545,300
'18NS',500,222545,223315,450
'18NS',500,223315,244500,465
'18NS',501,53000,53930,570
'18NS',501,53930,54830,540
'18NS',501,54830,60300,435
'18NS',501,60300,60910,370
'18NS',501,60910,74340,270
'18NS',501,74340,74725,225
'18NS',501,74725,80925,220
'18NS',501,80925,81335,250
'18NS',501,81335,93435,270
'18NS',501,93435,93945,310
'18NS',501,93945,145145,390
'18NS',501,145145,145715,330
'18NS',501,145715,152215,300
'18NS',501,152215,152655,280
'18NS',501,152655,171025,270
'18NS',501,171025,223025,300
'18NS',501,223025,223635,370
'18NS',501,223635,242505,465
'18NS',501,242505,243500,595
'18NS',501,243500,244500,600
