'19JA',400,53000,251000,600
'19JA',400,251000,251830,510
'19JA',400,251830,253000,690
'19JA',401,53000,253000,600
'19JI',400,53000,244000,600
'19JI',400,244000,244830,510
'19JI',400,244830,250000,690
'19JI',401,53000,250000,600
'19JS',400,51600,53000,840
'19JS',400,53000,60000,600
'19JS',400,60000,62030,410
'19JS',400,62030,93030,300
'19JS',400,93030,95100,410
'19JS',400,95100,100000,540
'19JS',400,100000,143000,600
'19JS',400,143000,145030,410
'19JS',400,145030,182030,300
'19JS',400,182030,184100,410
'19JS',400,184100,192100,480
'19JS',400,192100,193000,540
'19JS',400,193000,244000,600
'19JS',400,244000,244830,510
'19JS',400,244830,250000,690
'19JS',401,53000,61000,600
'19JS',401,61000,63030,410
'19JS',401,63030,94030,300
'19JS',401,94030,100100,410
'19JS',401,100100,101000,540
'19JS',401,101000,144000,600
'19JS',401,144000,150030,410
'19JS',401,150030,183030,300
'19JS',401,183030,185100,410
'19JS',401,185100,193100,480
'19JS',401,193100,194000,540
'19JS',401,194000,250000,600
'19JS',401,250000,250600,360
