'22U-GLOBAUX-00-A',500,53000,92100,630
'22U-GLOBAUX-00-A',500,92100,203230,510
'22U-GLOBAUX-00-A',500,203230,204200,570
'22U-GLOBAUX-00-A',500,204200,251500,630
'22U-GLOBAUX-00-A',501,53000,84930,630
'22U-GLOBAUX-00-A',501,84930,85945,615
'22U-GLOBAUX-00-A',501,85945,201115,510
'22U-GLOBAUX-00-A',501,201115,202100,585
'22U-GLOBAUX-00-A',501,202100,251500,630
'22U-GLOBAUX-00-F1',500,53000,92100,630
'22U-GLOBAUX-00-F1',500,92100,194130,510
'22U-GLOBAUX-00-F1',500,194130,195100,570
'22U-GLOBAUX-00-F1',500,195100,244500,630
'22U-GLOBAUX-00-F1',501,53000,84930,630
'22U-GLOBAUX-00-F1',501,84930,85945,615
'22U-GLOBAUX-00-F1',501,85945,192015,510
'22U-GLOBAUX-00-F1',501,192015,193000,585
'22U-GLOBAUX-00-F1',501,193000,244500,630
'22U-GLOBAUX-00-F2',500,53000,92100,630
'22U-GLOBAUX-00-F2',500,92100,194130,510
'22U-GLOBAUX-00-F2',500,194130,195100,570
'22U-GLOBAUX-00-F2',500,195100,244500,630
'22U-GLOBAUX-00-F2',501,53000,84930,630
'22U-GLOBAUX-00-F2',501,84930,85945,615
'22U-GLOBAUX-00-F2',501,85945,192015,510
'22U-GLOBAUX-00-F2',501,192015,193000,585
'22U-GLOBAUX-00-F2',501,193000,244500,630
'22U-GLOBAUX-00-I',500,53000,92100,630
'22U-GLOBAUX-00-I',500,92100,194130,510
'22U-GLOBAUX-00-I',500,194130,195100,570
'22U-GLOBAUX-00-I',500,195100,244500,630
'22U-GLOBAUX-00-I',501,53000,84930,630
'22U-GLOBAUX-00-I',501,84930,85945,615
'22U-GLOBAUX-00-I',501,85945,192015,510
'22U-GLOBAUX-00-I',501,192015,193000,585
'22U-GLOBAUX-00-I',501,193000,244500,630
'22U-GLOBAUX-00-S',500,53000,61800,480
'22U-GLOBAUX-00-S',500,61800,62425,385
'22U-GLOBAUX-00-S',500,62425,62955,330
'22U-GLOBAUX-00-S',500,62955,83955,300
'22U-GLOBAUX-00-S',500,83955,90055,420
'22U-GLOBAUX-00-S',500,90055,150055,480
'22U-GLOBAUX-00-S',500,150055,152155,420
'22U-GLOBAUX-00-S',500,152155,180155,300
'22U-GLOBAUX-00-S',500,180155,180720,325
'22U-GLOBAUX-00-S',500,180720,220120,360
'22U-GLOBAUX-00-S',500,220120,222050,390
'22U-GLOBAUX-00-S',500,222050,222830,460
'22U-GLOBAUX-00-S',500,222830,225145,465
'22U-GLOBAUX-00-S',500,225145,241005,470
'22U-GLOBAUX-00-S',500,241005,242605,480
'22U-GLOBAUX-00-S',500,242605,243515,550
'22U-GLOBAUX-00-S',500,243515,244500,585
'22U-GLOBAUX-00-S',501,53000,60200,480
'22U-GLOBAUX-00-S',501,60200,61700,450
'22U-GLOBAUX-00-S',501,61700,62420,440
'22U-GLOBAUX-00-S',501,62420,83420,300
'22U-GLOBAUX-00-S',501,83420,84710,385
'22U-GLOBAUX-00-S',501,84710,90110,420
'22U-GLOBAUX-00-S',501,90110,150910,480
'22U-GLOBAUX-00-S',501,150910,151510,360
'22U-GLOBAUX-00-S',501,151510,152630,340
'22U-GLOBAUX-00-S',501,152630,174630,300
'22U-GLOBAUX-00-S',501,174630,175740,335
'22U-GLOBAUX-00-S',501,175740,180900,340
'22U-GLOBAUX-00-S',501,180900,220900,360
'22U-GLOBAUX-00-S',501,220900,223200,460
'22U-GLOBAUX-00-S',501,223200,224730,465
'22U-GLOBAUX-00-S',501,224730,244500,470
