'21J-GLOBAUX-03-A',200,52959,61754,575
'21J-GLOBAUX-03-A',200,61754,62731,577
'21J-GLOBAUX-03-A',200,62731,64641,575
'21J-GLOBAUX-03-A',200,64641,65620,579
'21J-GLOBAUX-03-A',200,65620,71530,575
'21J-GLOBAUX-03-A',200,71530,75250,560
'21J-GLOBAUX-03-A',200,75250,80135,525
'21J-GLOBAUX-03-A',200,80135,81022,527
'21J-GLOBAUX-03-A',200,81022,84522,525
'21J-GLOBAUX-03-A',200,84522,85406,524
'21J-GLOBAUX-03-A',200,85406,90251,525
'21J-GLOBAUX-03-A',200,90251,91134,523
'21J-GLOBAUX-03-A',200,91134,103019,525
'21J-GLOBAUX-03-A',200,103019,110839,460
'21J-GLOBAUX-03-A',200,110839,111559,440
'21J-GLOBAUX-03-A',200,111559,112325,446
'21J-GLOBAUX-03-A',200,112325,120525,420
'21J-GLOBAUX-03-A',200,120525,121228,423
'21J-GLOBAUX-03-A',200,121228,121928,420
'21J-GLOBAUX-03-A',200,121928,123248,400
'21J-GLOBAUX-03-A',200,123248,123923,395
'21J-GLOBAUX-03-A',200,123923,143453,385
'21J-GLOBAUX-03-A',200,143453,144115,382
'21J-GLOBAUX-03-A',200,144115,144740,385
'21J-GLOBAUX-03-A',200,144740,145400,380
'21J-GLOBAUX-03-A',200,145400,181920,385
'21J-GLOBAUX-03-A',200,181920,182544,384
'21J-GLOBAUX-03-A',200,182544,183854,395
'21J-GLOBAUX-03-A',200,183854,190039,435
'21J-GLOBAUX-03-A',200,190039,190753,434
'21J-GLOBAUX-03-A',200,190753,192938,435
'21J-GLOBAUX-03-A',200,192938,195208,450
'21J-GLOBAUX-03-A',200,195208,195953,465
'21J-GLOBAUX-03-A',200,195953,200733,460
'21J-GLOBAUX-03-A',200,200733,204618,465
'21J-GLOBAUX-03-A',200,204618,211018,480
'21J-GLOBAUX-03-A',200,211018,213548,510
'21J-GLOBAUX-03-A',200,213548,215428,560
'21J-GLOBAUX-03-A',200,215428,223228,570
'21J-GLOBAUX-03-A',200,223228,224156,568
'21J-GLOBAUX-03-A',200,224156,231026,570
'21J-GLOBAUX-03-A',200,231026,234926,585
'21J-GLOBAUX-03-A',200,234926,235915,589
'21J-GLOBAUX-03-A',200,235915,241855,590
'21J-GLOBAUX-03-A',200,241855,250855,600
'21J-GLOBAUX-03-A',201,53000,70730,585
'21J-GLOBAUX-03-A',201,70730,74430,555
'21J-GLOBAUX-03-A',201,74430,83730,530
'21J-GLOBAUX-03-A',201,83730,110200,510
'21J-GLOBAUX-03-A',201,110200,121840,460
'21J-GLOBAUX-03-A',201,121840,124040,440
'21J-GLOBAUX-03-A',201,124040,130940,435
'21J-GLOBAUX-03-A',201,130940,192815,385
'21J-GLOBAUX-03-A',201,192815,211205,445
'21J-GLOBAUX-03-A',201,211205,215050,465
'21J-GLOBAUX-03-A',201,215050,221705,525
'21J-GLOBAUX-03-A',201,221705,225305,540
'21J-GLOBAUX-03-A',201,225305,230230,565
'21J-GLOBAUX-03-A',201,230230,240000,575
'21J-GLOBAUX-03-A',201,240000,250000,600
'21J-GLOBAUX-03-I',200,52957,54847,565
'21J-GLOBAUX-03-I',200,54847,75007,560
'21J-GLOBAUX-03-I',200,75007,82707,555
'21J-GLOBAUX-03-I',200,82707,84517,545
'21J-GLOBAUX-03-I',200,84517,85407,530
'21J-GLOBAUX-03-I',200,85407,92907,525
'21J-GLOBAUX-03-I',200,92907,93745,518
'21J-GLOBAUX-03-I',200,93745,94620,515
'21J-GLOBAUX-03-I',200,94620,95458,518
'21J-GLOBAUX-03-I',200,95458,112048,515
'21J-GLOBAUX-03-I',200,112048,112926,518
'21J-GLOBAUX-03-I',200,112926,115511,515
'21J-GLOBAUX-03-I',200,115511,120311,480
'21J-GLOBAUX-03-I',200,120311,121901,475
'21J-GLOBAUX-03-I',200,121901,122657,476
'21J-GLOBAUX-03-I',200,122657,124247,475
'21J-GLOBAUX-03-I',200,124247,140447,410
'21J-GLOBAUX-03-I',200,140447,141138,411
'21J-GLOBAUX-03-I',200,141138,153338,410
'21J-GLOBAUX-03-I',200,153338,154025,407
'21J-GLOBAUX-03-I',200,154025,160055,410
'21J-GLOBAUX-03-I',200,160055,160810,435
'21J-GLOBAUX-03-I',200,160810,173610,440
'21J-GLOBAUX-03-I',200,173610,175110,450
'21J-GLOBAUX-03-I',200,175110,184600,470
'21J-GLOBAUX-03-I',200,184600,185349,469
'21J-GLOBAUX-03-I',200,185349,190139,470
'21J-GLOBAUX-03-I',200,190139,190928,469
'21J-GLOBAUX-03-I',200,190928,193258,470
'21J-GLOBAUX-03-I',200,193258,194046,468
'21J-GLOBAUX-03-I',200,194046,194836,470
'21J-GLOBAUX-03-I',200,194836,195648,492
'21J-GLOBAUX-03-I',200,195648,200518,510
'21J-GLOBAUX-03-I',200,200518,201347,509
'21J-GLOBAUX-03-I',200,201347,205617,510
'21J-GLOBAUX-03-I',200,205617,210457,520
'21J-GLOBAUX-03-I',200,210457,211342,525
'21J-GLOBAUX-03-I',200,211342,213122,530
'21J-GLOBAUX-03-I',200,213122,214011,529
'21J-GLOBAUX-03-I',200,214011,214901,530
'21J-GLOBAUX-03-I',200,214901,215856,595
'21J-GLOBAUX-03-I',200,215856,222856,600
'21J-GLOBAUX-03-I',200,222856,223855,599
'21J-GLOBAUX-03-I',200,223855,225855,600
'21J-GLOBAUX-03-I',200,225855,230852,597
'21J-GLOBAUX-03-I',200,230852,231852,600
'21J-GLOBAUX-03-I',200,231852,232851,599
'21J-GLOBAUX-03-I',200,232851,234851,600
'21J-GLOBAUX-03-I',200,234851,235850,599
'21J-GLOBAUX-03-I',200,235850,243850,600
'21J-GLOBAUX-03-I',201,53000,83500,555
'21J-GLOBAUX-03-I',201,83500,84400,540
'21J-GLOBAUX-03-I',201,84400,121000,515
'21J-GLOBAUX-03-I',201,121000,121815,495
'21J-GLOBAUX-03-I',201,121815,135315,475
'21J-GLOBAUX-03-I',201,135315,140715,420
'21J-GLOBAUX-03-I',201,140715,171835,410
'21J-GLOBAUX-03-I',201,171835,183915,440
'21J-GLOBAUX-03-I',201,183915,201315,470
'21J-GLOBAUX-03-I',201,201315,210115,480
'21J-GLOBAUX-03-I',201,210115,211815,510
'21J-GLOBAUX-03-I',201,211815,220110,515
'21J-GLOBAUX-03-I',201,220110,221010,540
'21J-GLOBAUX-03-I',201,221010,222000,590
'21J-GLOBAUX-03-I',201,222000,243000,600
'21J-GLOBAUX-04-S',200,52957,55958,360
'21J-GLOBAUX-04-S',200,55958,60602,364
'21J-GLOBAUX-04-S',200,60602,61802,360
'21J-GLOBAUX-04-S',200,61802,62345,343
'21J-GLOBAUX-04-S',200,62345,62925,340
'21J-GLOBAUX-04-S',200,62925,63925,300
'21J-GLOBAUX-04-S',200,63925,64315,230
'21J-GLOBAUX-04-S',200,64315,65045,225
'21J-GLOBAUX-04-S',200,65045,65427,222
'21J-GLOBAUX-04-S',200,65427,70137,215
'21J-GLOBAUX-04-S',200,70137,70502,205
'21J-GLOBAUX-04-S',200,70502,70829,207
'21J-GLOBAUX-04-S',200,70829,71844,205
'21J-GLOBAUX-04-S',200,71844,72214,210
'21J-GLOBAUX-04-S',200,72214,72524,190
'21J-GLOBAUX-04-S',200,72524,73409,175
'21J-GLOBAUX-04-S',200,73409,73707,178
'21J-GLOBAUX-04-S',200,73707,80321,175
'21J-GLOBAUX-04-S',200,80321,80613,172
'21J-GLOBAUX-04-S',200,80613,83521,175
'21J-GLOBAUX-04-S',200,83521,83812,171
'21J-GLOBAUX-04-S',200,83812,84952,175
'21J-GLOBAUX-04-S',200,84952,85552,180
'21J-GLOBAUX-04-S',200,85552,85902,190
'21J-GLOBAUX-04-S',200,85902,90552,205
'21J-GLOBAUX-04-S',200,90552,90919,207
'21J-GLOBAUX-04-S',200,90919,91249,210
'21J-GLOBAUX-04-S',200,91249,92019,225
'21J-GLOBAUX-04-S',200,92019,92403,224
'21J-GLOBAUX-04-S',200,92403,92748,225
'21J-GLOBAUX-04-S',200,92748,93138,230
'21J-GLOBAUX-04-S',200,93138,93533,235
'21J-GLOBAUX-04-S',200,93533,94008,275
'21J-GLOBAUX-04-S',200,94008,94458,290
'21J-GLOBAUX-04-S',200,94458,95033,335
'21J-GLOBAUX-04-S',200,95033,95632,359
'21J-GLOBAUX-04-S',200,95632,142032,360
'21J-GLOBAUX-04-S',200,142032,142532,300
'21J-GLOBAUX-04-S',200,142532,143022,290
'21J-GLOBAUX-04-S',200,143022,144422,280
'21J-GLOBAUX-04-S',200,144422,151622,240
'21J-GLOBAUX-04-S',200,151622,152017,235
'21J-GLOBAUX-04-S',200,152017,152357,220
'21J-GLOBAUX-04-S',200,152357,153057,210
'21J-GLOBAUX-04-S',200,153057,153417,200
'21J-GLOBAUX-04-S',200,153417,154017,180
'21J-GLOBAUX-04-S',200,154017,161521,175
'21J-GLOBAUX-04-S',200,161521,164201,200
'21J-GLOBAUX-04-S',200,164201,165246,215
'21J-GLOBAUX-04-S',200,165246,165636,230
'21J-GLOBAUX-04-S',200,165636,170031,235
'21J-GLOBAUX-04-S',200,170031,170431,240
'21J-GLOBAUX-04-S',200,170431,174610,250
'21J-GLOBAUX-04-S',200,174610,175940,270
'21J-GLOBAUX-04-S',200,175940,180415,275
'21J-GLOBAUX-04-S',200,180415,180915,300
'21J-GLOBAUX-04-S',200,180915,181435,320
'21J-GLOBAUX-04-S',200,181435,224425,360
'21J-GLOBAUX-04-S',200,224425,225045,380
'21J-GLOBAUX-04-S',200,225045,231145,420
'21J-GLOBAUX-04-S',200,231145,242411,435
'21J-GLOBAUX-04-S',200,242411,243851,440
'21J-GLOBAUX-04-S',201,53000,53650,410
'21J-GLOBAUX-04-S',201,53650,61550,390
'21J-GLOBAUX-04-S',201,61550,62150,360
'21J-GLOBAUX-04-S',201,62150,62720,330
'21J-GLOBAUX-04-S',201,62720,63230,310
'21J-GLOBAUX-04-S',201,63230,65730,300
'21J-GLOBAUX-04-S',201,65730,71215,295
'21J-GLOBAUX-04-S',201,71215,71705,290
'21J-GLOBAUX-04-S',201,71705,73020,265
'21J-GLOBAUX-04-S',201,73020,73415,235
'21J-GLOBAUX-04-S',201,73415,74530,225
'21J-GLOBAUX-04-S',201,74530,75950,215
'21J-GLOBAUX-04-S',201,75950,80650,210
'21J-GLOBAUX-04-S',201,80650,81320,195
'21J-GLOBAUX-04-S',201,81320,81625,185
'21J-GLOBAUX-04-S',201,81625,81925,180
'21J-GLOBAUX-04-S',201,81925,90605,175
'21J-GLOBAUX-04-S',201,90605,92105,180
'21J-GLOBAUX-04-S',201,92105,93135,210
'21J-GLOBAUX-04-S',201,93135,94250,225
'21J-GLOBAUX-04-S',201,94250,94655,245
'21J-GLOBAUX-04-S',201,94655,100635,295
'21J-GLOBAUX-04-S',201,100635,102135,300
'21J-GLOBAUX-04-S',201,102135,102640,305
'21J-GLOBAUX-04-S',201,102640,145640,360
'21J-GLOBAUX-04-S',201,145640,150140,300
'21J-GLOBAUX-04-S',201,150140,150625,285
'21J-GLOBAUX-04-S',201,150625,151105,280
'21J-GLOBAUX-04-S',201,151105,153505,240
'21J-GLOBAUX-04-S',201,153505,153840,215
'21J-GLOBAUX-04-S',201,153840,154510,195
'21J-GLOBAUX-04-S',201,154510,160610,180
'21J-GLOBAUX-04-S',201,160610,171315,175
'21J-GLOBAUX-04-S',201,171315,171915,180
'21J-GLOBAUX-04-S',201,171915,172615,210
'21J-GLOBAUX-04-S',201,172615,174435,220
'21J-GLOBAUX-04-S',201,174435,174820,225
'21J-GLOBAUX-04-S',201,174820,175950,230
'21J-GLOBAUX-04-S',201,175950,180350,240
'21J-GLOBAUX-04-S',201,180350,180815,265
'21J-GLOBAUX-04-S',201,180815,182145,270
'21J-GLOBAUX-04-S',201,182145,182625,280
'21J-GLOBAUX-04-S',201,182625,184040,285
'21J-GLOBAUX-04-S',201,184040,184530,290
'21J-GLOBAUX-04-S',201,184530,185030,300
'21J-GLOBAUX-04-S',201,185030,233230,360
'21J-GLOBAUX-04-S',201,233230,233900,390
'21J-GLOBAUX-04-S',201,233900,234600,420
'21J-GLOBAUX-04-S',201,234600,243000,440
