'21U-GLOBAUX-00-A',100,53000,80730,630
'21U-GLOBAUX-00-A',100,80730,85410,560
'21U-GLOBAUX-00-A',100,85410,90245,515
'21U-GLOBAUX-00-A',100,90245,100140,505
'21U-GLOBAUX-00-A',100,100140,120420,460
'21U-GLOBAUX-00-A',100,120420,141420,390
'21U-GLOBAUX-00-A',100,141420,142035,375
'21U-GLOBAUX-00-A',100,142035,232635,360
'21U-GLOBAUX-00-A',100,232635,233335,420
'21U-GLOBAUX-00-A',100,233335,244535,480
'21U-GLOBAUX-00-A',100,244535,245500,565
'21U-GLOBAUX-00-A',101,53000,72530,630
'21U-GLOBAUX-00-A',101,72530,81210,560
'21U-GLOBAUX-00-A',101,81210,104340,505
'21U-GLOBAUX-00-A',101,104340,120020,460
'21U-GLOBAUX-00-A',101,120020,120720,420
'21U-GLOBAUX-00-A',101,120720,145620,390
'21U-GLOBAUX-00-A',101,145620,150240,380
'21U-GLOBAUX-00-A',101,150240,225640,360
'21U-GLOBAUX-00-A',101,225640,232440,420
'21U-GLOBAUX-00-A',101,232440,233200,440
'21U-GLOBAUX-00-A',101,233200,250800,480
'21U-GLOBAUX-00-F1',100,53000,80730,630
'21U-GLOBAUX-00-F1',100,80730,91250,560
'21U-GLOBAUX-00-F1',100,91250,93000,515
'21U-GLOBAUX-00-F1',100,93000,111925,505
'21U-GLOBAUX-00-F1',100,111925,112725,480
'21U-GLOBAUX-00-F1',100,112725,135305,460
'21U-GLOBAUX-00-F1',100,135305,140025,440
'21U-GLOBAUX-00-F1',100,140025,144225,420
'21U-GLOBAUX-00-F1',100,144225,145525,390
'21U-GLOBAUX-00-F1',100,145525,150135,370
'21U-GLOBAUX-00-F1',100,150135,223135,360
'21U-GLOBAUX-00-F1',100,223135,225235,420
'21U-GLOBAUX-00-F1',100,225235,230015,460
'21U-GLOBAUX-00-F1',100,230015,231615,480
'21U-GLOBAUX-00-F1',100,231615,232500,525
'21U-GLOBAUX-00-F1',100,232500,243500,600
'21U-GLOBAUX-00-F1',101,53000,70430,630
'21U-GLOBAUX-00-F1',101,70430,72430,600
'21U-GLOBAUX-00-F1',101,72430,83910,560
'21U-GLOBAUX-00-F1',101,83910,121800,505
'21U-GLOBAUX-00-F1',101,121800,144340,460
'21U-GLOBAUX-00-F1',101,144340,223740,360
'21U-GLOBAUX-00-F1',101,223740,230940,480
'21U-GLOBAUX-00-F1',101,230940,231800,500
'21U-GLOBAUX-00-F1',101,231800,243800,600
'21U-GLOBAUX-00-F2',100,53000,80730,630
'21U-GLOBAUX-00-F2',100,80730,91250,560
'21U-GLOBAUX-00-F2',100,91250,93000,515
'21U-GLOBAUX-00-F2',100,93000,111925,505
'21U-GLOBAUX-00-F2',100,111925,112725,480
'21U-GLOBAUX-00-F2',100,112725,135305,460
'21U-GLOBAUX-00-F2',100,135305,140025,440
'21U-GLOBAUX-00-F2',100,140025,144225,420
'21U-GLOBAUX-00-F2',100,144225,145525,390
'21U-GLOBAUX-00-F2',100,145525,150135,370
'21U-GLOBAUX-00-F2',100,150135,223135,360
'21U-GLOBAUX-00-F2',100,223135,225235,420
'21U-GLOBAUX-00-F2',100,225235,230015,460
'21U-GLOBAUX-00-F2',100,230015,231615,480
'21U-GLOBAUX-00-F2',100,231615,232500,525
'21U-GLOBAUX-00-F2',100,232500,243500,600
'21U-GLOBAUX-00-F2',101,53000,70430,630
'21U-GLOBAUX-00-F2',101,70430,72430,600
'21U-GLOBAUX-00-F2',101,72430,83910,560
'21U-GLOBAUX-00-F2',101,83910,121800,505
'21U-GLOBAUX-00-F2',101,121800,144340,460
'21U-GLOBAUX-00-F2',101,144340,223740,360
'21U-GLOBAUX-00-F2',101,223740,230940,480
'21U-GLOBAUX-00-F2',101,230940,231800,500
'21U-GLOBAUX-00-F2',101,231800,243800,600
'21U-GLOBAUX-00-I',100,53000,80730,630
'21U-GLOBAUX-00-I',100,80730,91250,560
'21U-GLOBAUX-00-I',100,91250,93000,515
'21U-GLOBAUX-00-I',100,93000,111925,505
'21U-GLOBAUX-00-I',100,111925,112725,480
'21U-GLOBAUX-00-I',100,112725,135305,460
'21U-GLOBAUX-00-I',100,135305,140025,440
'21U-GLOBAUX-00-I',100,140025,144225,420
'21U-GLOBAUX-00-I',100,144225,145525,390
'21U-GLOBAUX-00-I',100,145525,150135,370
'21U-GLOBAUX-00-I',100,150135,223135,360
'21U-GLOBAUX-00-I',100,223135,225235,420
'21U-GLOBAUX-00-I',100,225235,230015,460
'21U-GLOBAUX-00-I',100,230015,231615,480
'21U-GLOBAUX-00-I',100,231615,232500,525
'21U-GLOBAUX-00-I',100,232500,243500,600
'21U-GLOBAUX-00-I',101,53000,70430,630
'21U-GLOBAUX-00-I',101,70430,72430,600
'21U-GLOBAUX-00-I',101,72430,83910,560
'21U-GLOBAUX-00-I',101,83910,121800,505
'21U-GLOBAUX-00-I',101,121800,144340,460
'21U-GLOBAUX-00-I',101,144340,223740,360
'21U-GLOBAUX-00-I',101,223740,230940,480
'21U-GLOBAUX-00-I',101,230940,231800,500
'21U-GLOBAUX-00-I',101,231800,243800,600
'21U-GLOBAUX-00-S',100,53000,60200,480
'21U-GLOBAUX-00-S',100,60200,60900,420
'21U-GLOBAUX-00-S',100,60900,61500,360
'21U-GLOBAUX-00-S',100,61500,64000,300
'21U-GLOBAUX-00-S',100,64000,64430,270
'21U-GLOBAUX-00-S',100,64430,65700,250
'21U-GLOBAUX-00-S',100,65700,70830,230
'21U-GLOBAUX-00-S',100,70830,73030,220
'21U-GLOBAUX-00-S',100,73030,74825,215
'21U-GLOBAUX-00-S',100,74825,83025,210
'21U-GLOBAUX-00-S',100,83025,83955,285
'21U-GLOBAUX-00-S',100,83955,84450,295
'21U-GLOBAUX-00-S',100,84450,85950,300
'21U-GLOBAUX-00-S',100,85950,151750,360
'21U-GLOBAUX-00-S',100,151750,152250,300
'21U-GLOBAUX-00-S',100,152250,152720,270
'21U-GLOBAUX-00-S',100,152720,153920,240
'21U-GLOBAUX-00-S',100,153920,160220,230
'21U-GLOBAUX-00-S',100,160220,160930,215
'21U-GLOBAUX-00-S',100,160930,162635,205
'21U-GLOBAUX-00-S',100,162635,162955,200
'21U-GLOBAUX-00-S',100,162955,163310,195
'21U-GLOBAUX-00-S',100,163310,170800,190
'21U-GLOBAUX-00-S',100,170800,171130,210
'21U-GLOBAUX-00-S',100,171130,171510,220
'21U-GLOBAUX-00-S',100,171510,173030,230
'21U-GLOBAUX-00-S',100,173030,175030,240
'21U-GLOBAUX-00-S',100,175030,182200,270
'21U-GLOBAUX-00-S',100,182200,182730,330
'21U-GLOBAUX-00-S',100,182730,225130,360
'21U-GLOBAUX-00-S',100,225130,230710,470
'21U-GLOBAUX-00-S',100,230710,232300,475
'21U-GLOBAUX-00-S',100,232300,243500,480
