'20C-GLOBAUX-04-A',400,53000,251000,600
'20C-GLOBAUX-04-A',400,251000,251830,510
'20C-GLOBAUX-04-A',400,251830,253000,690
'20C-GLOBAUX-04-A',401,53000,253000,600
'20C-GLOBAUX-04-I',400,53000,244000,600
'20C-GLOBAUX-04-I',400,244000,244830,510
'20C-GLOBAUX-04-I',400,244830,250000,690
'20C-GLOBAUX-04-I',401,53000,250000,600
'20C-GLOBAUX-04-S',400,53000,62000,600
'20C-GLOBAUX-04-S',400,62000,63800,360
'20C-GLOBAUX-04-S',400,63800,65430,330
'20C-GLOBAUX-04-S',400,65430,83620,235
'20C-GLOBAUX-04-S',400,83620,84020,240
'20C-GLOBAUX-04-S',400,84020,92520,270
'20C-GLOBAUX-04-S',400,92520,93030,310
'20C-GLOBAUX-04-S',400,93030,94000,570
'20C-GLOBAUX-04-S',400,94000,150000,600
'20C-GLOBAUX-04-S',400,150000,150700,420
'20C-GLOBAUX-04-S',400,150700,151900,360
'20C-GLOBAUX-04-S',400,151900,152800,270
'20C-GLOBAUX-04-S',400,152800,154000,240
'20C-GLOBAUX-04-S',400,154000,181640,235
'20C-GLOBAUX-04-S',400,181640,182540,270
'20C-GLOBAUX-04-S',400,182540,183130,350
'20C-GLOBAUX-04-S',400,183130,200000,590
'20C-GLOBAUX-04-S',400,200000,244000,600
'20C-GLOBAUX-04-S',400,244000,244830,510
'20C-GLOBAUX-04-S',400,244830,250000,690
'20C-GLOBAUX-04-S',401,53000,62000,600
'20C-GLOBAUX-04-S',401,62000,63800,360
'20C-GLOBAUX-04-S',401,63800,64315,315
'20C-GLOBAUX-04-S',401,64315,65225,275
'20C-GLOBAUX-04-S',401,65225,85350,235
'20C-GLOBAUX-04-S',401,85350,91620,270
'20C-GLOBAUX-04-S',401,91620,92100,280
'20C-GLOBAUX-04-S',401,92100,93000,540
'20C-GLOBAUX-04-S',401,93000,150000,600
'20C-GLOBAUX-04-S',401,150000,151800,360
'20C-GLOBAUX-04-S',401,151800,153000,240
'20C-GLOBAUX-04-S',401,153000,175850,235
'20C-GLOBAUX-04-S',401,175850,182550,270
'20C-GLOBAUX-04-S',401,182550,183235,405
'20C-GLOBAUX-04-S',401,183235,194015,580
'20C-GLOBAUX-04-S',401,194015,195000,585
'20C-GLOBAUX-04-S',401,195000,250000,600
