'21J-GLOBAUX-03-A',400,53000,251000,600
'21J-GLOBAUX-03-A',400,251000,251830,510
'21J-GLOBAUX-03-A',400,251830,253000,690
'21J-GLOBAUX-03-A',401,53000,253000,600
'21J-GLOBAUX-03-I',400,53000,244000,600
'21J-GLOBAUX-03-I',400,244000,244830,510
'21J-GLOBAUX-03-I',400,244830,250000,690
'21J-GLOBAUX-03-I',401,53000,250000,600
'21J-GLOBAUX-04-S',400,53000,65000,600
'21J-GLOBAUX-04-S',400,65000,70000,300
'21J-GLOBAUX-04-S',400,70000,85400,285
'21J-GLOBAUX-04-S',400,85400,90000,360
'21J-GLOBAUX-04-S',400,90000,151000,600
'21J-GLOBAUX-04-S',400,151000,151600,360
'21J-GLOBAUX-04-S',400,151600,182115,285
'21J-GLOBAUX-04-S',400,182115,190015,390
'21J-GLOBAUX-04-S',400,190015,191000,585
'21J-GLOBAUX-04-S',400,191000,244000,600
'21J-GLOBAUX-04-S',400,244000,244830,510
'21J-GLOBAUX-04-S',400,244830,250000,690
'21J-GLOBAUX-04-S',401,53000,65000,600
'21J-GLOBAUX-04-S',401,65000,70000,300
'21J-GLOBAUX-04-S',401,70000,84915,285
'21J-GLOBAUX-04-S',401,84915,85445,330
'21J-GLOBAUX-04-S',401,85445,90225,460
'21J-GLOBAUX-04-S',401,90225,91010,465
'21J-GLOBAUX-04-S',401,91010,92000,590
'21J-GLOBAUX-04-S',401,92000,151000,600
'21J-GLOBAUX-04-S',401,151000,151600,360
'21J-GLOBAUX-04-S',401,151600,181145,285
'21J-GLOBAUX-04-S',401,181145,191015,390
'21J-GLOBAUX-04-S',401,191015,192000,585
'21J-GLOBAUX-04-S',401,192000,250000,600
