'22J-GLOBAUX-00-A',200,53000,70730,585
'22J-GLOBAUX-00-A',200,70730,74430,555
'22J-GLOBAUX-00-A',200,74430,83730,530
'22J-GLOBAUX-00-A',200,83730,110200,510
'22J-GLOBAUX-00-A',200,110200,121840,460
'22J-GLOBAUX-00-A',200,121840,124040,440
'22J-GLOBAUX-00-A',200,124040,130940,435
'22J-GLOBAUX-00-A',200,130940,192815,385
'22J-GLOBAUX-00-A',200,192815,211205,445
'22J-GLOBAUX-00-A',200,211205,215050,465
'22J-GLOBAUX-00-A',200,215050,221705,525
'22J-GLOBAUX-00-A',200,221705,225305,540
'22J-GLOBAUX-00-A',200,225305,230230,565
'22J-GLOBAUX-00-A',200,230230,240000,575
'22J-GLOBAUX-00-A',200,240000,250000,600
'22J-GLOBAUX-00-A',201,52959,61754,575
'22J-GLOBAUX-00-A',201,61754,62731,577
'22J-GLOBAUX-00-A',201,62731,64641,575
'22J-GLOBAUX-00-A',201,64641,65620,579
'22J-GLOBAUX-00-A',201,65620,71530,575
'22J-GLOBAUX-00-A',201,71530,75250,560
'22J-GLOBAUX-00-A',201,75250,80135,525
'22J-GLOBAUX-00-A',201,80135,81022,527
'22J-GLOBAUX-00-A',201,81022,84522,525
'22J-GLOBAUX-00-A',201,84522,85406,524
'22J-GLOBAUX-00-A',201,85406,90251,525
'22J-GLOBAUX-00-A',201,90251,91134,523
'22J-GLOBAUX-00-A',201,91134,103019,525
'22J-GLOBAUX-00-A',201,103019,110839,460
'22J-GLOBAUX-00-A',201,110839,111559,440
'22J-GLOBAUX-00-A',201,111559,112325,446
'22J-GLOBAUX-00-A',201,112325,120525,420
'22J-GLOBAUX-00-A',201,120525,121228,423
'22J-GLOBAUX-00-A',201,121228,121928,420
'22J-GLOBAUX-00-A',201,121928,123248,400
'22J-GLOBAUX-00-A',201,123248,123923,395
'22J-GLOBAUX-00-A',201,123923,143453,385
'22J-GLOBAUX-00-A',201,143453,144115,382
'22J-GLOBAUX-00-A',201,144115,144740,385
'22J-GLOBAUX-00-A',201,144740,145400,380
'22J-GLOBAUX-00-A',201,145400,181920,385
'22J-GLOBAUX-00-A',201,181920,182544,384
'22J-GLOBAUX-00-A',201,182544,183854,395
'22J-GLOBAUX-00-A',201,183854,190039,435
'22J-GLOBAUX-00-A',201,190039,190753,434
'22J-GLOBAUX-00-A',201,190753,192938,435
'22J-GLOBAUX-00-A',201,192938,195208,450
'22J-GLOBAUX-00-A',201,195208,195953,465
'22J-GLOBAUX-00-A',201,195953,200733,460
'22J-GLOBAUX-00-A',201,200733,204618,465
'22J-GLOBAUX-00-A',201,204618,211018,480
'22J-GLOBAUX-00-A',201,211018,213548,510
'22J-GLOBAUX-00-A',201,213548,215428,560
'22J-GLOBAUX-00-A',201,215428,223228,570
'22J-GLOBAUX-00-A',201,223228,224156,568
'22J-GLOBAUX-00-A',201,224156,231026,570
'22J-GLOBAUX-00-A',201,231026,234926,585
'22J-GLOBAUX-00-A',201,234926,235915,589
'22J-GLOBAUX-00-A',201,235915,241855,590
'22J-GLOBAUX-00-A',201,241855,250855,600
'22J-GLOBAUX-00-I',200,53000,83500,555
'22J-GLOBAUX-00-I',200,83500,84400,540
'22J-GLOBAUX-00-I',200,84400,121000,515
'22J-GLOBAUX-00-I',200,121000,121815,495
'22J-GLOBAUX-00-I',200,121815,135315,475
'22J-GLOBAUX-00-I',200,135315,140715,420
'22J-GLOBAUX-00-I',200,140715,171835,410
'22J-GLOBAUX-00-I',200,171835,183915,440
'22J-GLOBAUX-00-I',200,183915,201315,470
'22J-GLOBAUX-00-I',200,201315,210115,480
'22J-GLOBAUX-00-I',200,210115,211815,510
'22J-GLOBAUX-00-I',200,211815,220110,515
'22J-GLOBAUX-00-I',200,220110,221010,540
'22J-GLOBAUX-00-I',200,221010,222000,590
'22J-GLOBAUX-00-I',200,222000,243000,600
'22J-GLOBAUX-00-I',201,52957,54847,565
'22J-GLOBAUX-00-I',201,54847,75007,560
'22J-GLOBAUX-00-I',201,75007,82707,555
'22J-GLOBAUX-00-I',201,82707,84517,545
'22J-GLOBAUX-00-I',201,84517,85407,530
'22J-GLOBAUX-00-I',201,85407,92907,525
'22J-GLOBAUX-00-I',201,92907,93745,518
'22J-GLOBAUX-00-I',201,93745,94620,515
'22J-GLOBAUX-00-I',201,94620,95458,518
'22J-GLOBAUX-00-I',201,95458,112048,515
'22J-GLOBAUX-00-I',201,112048,112926,518
'22J-GLOBAUX-00-I',201,112926,115511,515
'22J-GLOBAUX-00-I',201,115511,120311,480
'22J-GLOBAUX-00-I',201,120311,121901,475
'22J-GLOBAUX-00-I',201,121901,122657,476
'22J-GLOBAUX-00-I',201,122657,124247,475
'22J-GLOBAUX-00-I',201,124247,140447,410
'22J-GLOBAUX-00-I',201,140447,141138,411
'22J-GLOBAUX-00-I',201,141138,153338,410
'22J-GLOBAUX-00-I',201,153338,154025,407
'22J-GLOBAUX-00-I',201,154025,160055,410
'22J-GLOBAUX-00-I',201,160055,160810,435
'22J-GLOBAUX-00-I',201,160810,173610,440
'22J-GLOBAUX-00-I',201,173610,175110,450
'22J-GLOBAUX-00-I',201,175110,184600,470
'22J-GLOBAUX-00-I',201,184600,185349,469
'22J-GLOBAUX-00-I',201,185349,190139,470
'22J-GLOBAUX-00-I',201,190139,190928,469
'22J-GLOBAUX-00-I',201,190928,191718,470
'22J-GLOBAUX-00-I',201,191718,192508,470
'22J-GLOBAUX-00-I',201,192508,193258,470
'22J-GLOBAUX-00-I',201,193258,194046,468
'22J-GLOBAUX-00-I',201,194046,194836,470
'22J-GLOBAUX-00-I',201,194836,195648,492
'22J-GLOBAUX-00-I',201,195648,200518,510
'22J-GLOBAUX-00-I',201,200518,201347,509
'22J-GLOBAUX-00-I',201,201347,205617,510
'22J-GLOBAUX-00-I',201,205617,210457,520
'22J-GLOBAUX-00-I',201,210457,211342,525
'22J-GLOBAUX-00-I',201,211342,213122,530
'22J-GLOBAUX-00-I',201,213122,214011,529
'22J-GLOBAUX-00-I',201,214011,214901,530
'22J-GLOBAUX-00-I',201,214901,215856,595
'22J-GLOBAUX-00-I',201,215856,222856,600
'22J-GLOBAUX-00-I',201,222856,223855,599
'22J-GLOBAUX-00-I',201,223855,225855,600
'22J-GLOBAUX-00-I',201,225855,230852,597
'22J-GLOBAUX-00-I',201,230852,231852,600
'22J-GLOBAUX-00-I',201,231852,232851,599
'22J-GLOBAUX-00-I',201,232851,234851,600
'22J-GLOBAUX-00-I',201,234851,235850,599
'22J-GLOBAUX-00-I',201,235850,243850,600
'22J-GLOBAUX-00-S',200,53000,53650,410
'22J-GLOBAUX-00-S',200,53650,61550,390
'22J-GLOBAUX-00-S',200,61550,62150,360
'22J-GLOBAUX-00-S',200,62150,62720,330
'22J-GLOBAUX-00-S',200,62720,63230,310
'22J-GLOBAUX-00-S',200,63230,65730,300
'22J-GLOBAUX-00-S',200,65730,71215,295
'22J-GLOBAUX-00-S',200,71215,71705,290
'22J-GLOBAUX-00-S',200,71705,73020,265
'22J-GLOBAUX-00-S',200,73020,73415,235
'22J-GLOBAUX-00-S',200,73415,74530,225
'22J-GLOBAUX-00-S',200,74530,75950,215
'22J-GLOBAUX-00-S',200,75950,80650,210
'22J-GLOBAUX-00-S',200,80650,81320,195
'22J-GLOBAUX-00-S',200,81320,81625,185
'22J-GLOBAUX-00-S',200,81625,81925,180
'22J-GLOBAUX-00-S',200,81925,90605,175
'22J-GLOBAUX-00-S',200,90605,92105,180
'22J-GLOBAUX-00-S',200,92105,93135,210
'22J-GLOBAUX-00-S',200,93135,94250,225
'22J-GLOBAUX-00-S',200,94250,94655,245
'22J-GLOBAUX-00-S',200,94655,100635,295
'22J-GLOBAUX-00-S',200,100635,102135,300
'22J-GLOBAUX-00-S',200,102135,102640,305
'22J-GLOBAUX-00-S',200,102640,145640,360
'22J-GLOBAUX-00-S',200,145640,150140,300
'22J-GLOBAUX-00-S',200,150140,150625,285
'22J-GLOBAUX-00-S',200,150625,151105,280
'22J-GLOBAUX-00-S',200,151105,153505,240
'22J-GLOBAUX-00-S',200,153505,153840,215
'22J-GLOBAUX-00-S',200,153840,154510,195
'22J-GLOBAUX-00-S',200,154510,160610,180
'22J-GLOBAUX-00-S',200,160610,171315,175
'22J-GLOBAUX-00-S',200,171315,171915,180
'22J-GLOBAUX-00-S',200,171915,172615,210
'22J-GLOBAUX-00-S',200,172615,174435,220
'22J-GLOBAUX-00-S',200,174435,174820,225
'22J-GLOBAUX-00-S',200,174820,175950,230
'22J-GLOBAUX-00-S',200,175950,180350,240
'22J-GLOBAUX-00-S',200,180350,180815,265
'22J-GLOBAUX-00-S',200,180815,182145,270
'22J-GLOBAUX-00-S',200,182145,182625,280
'22J-GLOBAUX-00-S',200,182625,184040,285
'22J-GLOBAUX-00-S',200,184040,184530,290
'22J-GLOBAUX-00-S',200,184530,185030,300
'22J-GLOBAUX-00-S',200,185030,233230,360
'22J-GLOBAUX-00-S',200,233230,233900,390
'22J-GLOBAUX-00-S',200,233900,234600,420
'22J-GLOBAUX-00-S',200,234600,243000,440
'22J-GLOBAUX-00-S',201,52957,54757,360
'22J-GLOBAUX-00-S',201,54757,55358,361
'22J-GLOBAUX-00-S',201,55358,55958,360
'22J-GLOBAUX-00-S',201,55958,60602,364
'22J-GLOBAUX-00-S',201,60602,61802,360
'22J-GLOBAUX-00-S',201,61802,62345,343
'22J-GLOBAUX-00-S',201,62345,62925,340
'22J-GLOBAUX-00-S',201,62925,63925,300
'22J-GLOBAUX-00-S',201,63925,64315,230
'22J-GLOBAUX-00-S',201,64315,65045,225
'22J-GLOBAUX-00-S',201,65045,65427,222
'22J-GLOBAUX-00-S',201,65427,70137,215
'22J-GLOBAUX-00-S',201,70137,70502,205
'22J-GLOBAUX-00-S',201,70502,70829,207
'22J-GLOBAUX-00-S',201,70829,71844,205
'22J-GLOBAUX-00-S',201,71844,72214,210
'22J-GLOBAUX-00-S',201,72214,72524,190
'22J-GLOBAUX-00-S',201,72524,73409,175
'22J-GLOBAUX-00-S',201,73409,73707,178
'22J-GLOBAUX-00-S',201,73707,74847,175
'22J-GLOBAUX-00-S',201,74847,75141,174
'22J-GLOBAUX-00-S',201,75141,80321,175
'22J-GLOBAUX-00-S',201,80321,80613,172
'22J-GLOBAUX-00-S',201,80613,82048,175
'22J-GLOBAUX-00-S',201,82048,82341,173
'22J-GLOBAUX-00-S',201,82341,83521,175
'22J-GLOBAUX-00-S',201,83521,83812,171
'22J-GLOBAUX-00-S',201,83812,84952,175
'22J-GLOBAUX-00-S',201,84952,85552,180
'22J-GLOBAUX-00-S',201,85552,85902,190
'22J-GLOBAUX-00-S',201,85902,90552,205
'22J-GLOBAUX-00-S',201,90552,90919,207
'22J-GLOBAUX-00-S',201,90919,91249,210
'22J-GLOBAUX-00-S',201,91249,92019,225
'22J-GLOBAUX-00-S',201,92019,92403,224
'22J-GLOBAUX-00-S',201,92403,92748,225
'22J-GLOBAUX-00-S',201,92748,93138,230
'22J-GLOBAUX-00-S',201,93138,93533,235
'22J-GLOBAUX-00-S',201,93533,94008,275
'22J-GLOBAUX-00-S',201,94008,94458,290
'22J-GLOBAUX-00-S',201,94458,95033,335
'22J-GLOBAUX-00-S',201,95033,95632,359
'22J-GLOBAUX-00-S',201,95632,100232,360
'22J-GLOBAUX-00-S',201,100232,100831,359
'22J-GLOBAUX-00-S',201,100831,103231,360
'22J-GLOBAUX-00-S',201,103231,104430,359
'22J-GLOBAUX-00-S',201,104430,105030,360
'22J-GLOBAUX-00-S',201,105030,105632,362
'22J-GLOBAUX-00-S',201,105632,123232,360
'22J-GLOBAUX-00-S',201,123232,123834,362
'22J-GLOBAUX-00-S',201,123834,125034,360
'22J-GLOBAUX-00-S',201,125034,125635,361
'22J-GLOBAUX-00-S',201,125635,140235,360
'22J-GLOBAUX-00-S',201,140235,140832,357
'22J-GLOBAUX-00-S',201,140832,142032,360
'22J-GLOBAUX-00-S',201,142032,142532,300
'22J-GLOBAUX-00-S',201,142532,143022,290
'22J-GLOBAUX-00-S',201,143022,144422,280
'22J-GLOBAUX-00-S',201,144422,151622,240
'22J-GLOBAUX-00-S',201,151622,152017,235
'22J-GLOBAUX-00-S',201,152017,152357,220
'22J-GLOBAUX-00-S',201,152357,153057,210
'22J-GLOBAUX-00-S',201,153057,153417,200
'22J-GLOBAUX-00-S',201,153417,154017,180
'22J-GLOBAUX-00-S',201,154017,154902,175
'22J-GLOBAUX-00-S',201,154902,155159,177
'22J-GLOBAUX-00-S',201,155159,160339,175
'22J-GLOBAUX-00-S',201,160339,160636,177
'22J-GLOBAUX-00-S',201,160636,161521,175
'22J-GLOBAUX-00-S',201,161521,164201,200
'22J-GLOBAUX-00-S',201,164201,165246,215
'22J-GLOBAUX-00-S',201,165246,165636,230
'22J-GLOBAUX-00-S',201,165636,170031,235
'22J-GLOBAUX-00-S',201,170031,170431,240
'22J-GLOBAUX-00-S',201,170431,173341,250
'22J-GLOBAUX-00-S',201,173341,173750,249
'22J-GLOBAUX-00-S',201,173750,174610,250
'22J-GLOBAUX-00-S',201,174610,175940,270
'22J-GLOBAUX-00-S',201,175940,180415,275
'22J-GLOBAUX-00-S',201,180415,180915,300
'22J-GLOBAUX-00-S',201,180915,181435,320
'22J-GLOBAUX-00-S',201,181435,182035,360
'22J-GLOBAUX-00-S',201,182035,182634,359
'22J-GLOBAUX-00-S',201,182634,183234,360
'22J-GLOBAUX-00-S',201,183234,183831,357
'22J-GLOBAUX-00-S',201,183831,185031,360
'22J-GLOBAUX-00-S',201,185031,185629,358
'22J-GLOBAUX-00-S',201,185629,200229,360
'22J-GLOBAUX-00-S',201,200229,200827,358
'22J-GLOBAUX-00-S',201,200827,202027,360
'22J-GLOBAUX-00-S',201,202027,202626,359
'22J-GLOBAUX-00-S',201,202626,210226,360
'22J-GLOBAUX-00-S',201,210226,210825,359
'22J-GLOBAUX-00-S',201,210825,224425,360
'22J-GLOBAUX-00-S',201,224425,225045,380
'22J-GLOBAUX-00-S',201,225045,231145,420
'22J-GLOBAUX-00-S',201,231145,231900,435
'22J-GLOBAUX-00-S',201,231900,232612,432
'22J-GLOBAUX-00-S',201,232612,234757,435
'22J-GLOBAUX-00-S',201,234757,235511,434
'22J-GLOBAUX-00-S',201,235511,242411,435
'22J-GLOBAUX-00-S',201,242411,243851,440
