'20M-GLOBAUX-00-A',500,53000,92100,630
'20M-GLOBAUX-00-A',500,92100,203230,510
'20M-GLOBAUX-00-A',500,203230,204200,570
'20M-GLOBAUX-00-A',500,204200,251500,630
'20M-GLOBAUX-00-A',501,53000,84930,630
'20M-GLOBAUX-00-A',501,84930,85945,615
'20M-GLOBAUX-00-A',501,85945,201115,510
'20M-GLOBAUX-00-A',501,201115,202100,585
'20M-GLOBAUX-00-A',501,202100,251500,630
'20M-GLOBAUX-00-F3',500,53000,92100,630
'20M-GLOBAUX-00-F3',500,92100,194130,510
'20M-GLOBAUX-00-F3',500,194130,195100,570
'20M-GLOBAUX-00-F3',500,195100,244500,630
'20M-GLOBAUX-00-F3',501,53000,84930,630
'20M-GLOBAUX-00-F3',501,84930,85945,615
'20M-GLOBAUX-00-F3',501,85945,192015,510
'20M-GLOBAUX-00-F3',501,192015,193000,585
'20M-GLOBAUX-00-F3',501,193000,244500,630
'20M-GLOBAUX-00-I',500,53000,92100,630
'20M-GLOBAUX-00-I',500,92100,194130,510
'20M-GLOBAUX-00-I',500,194130,195100,570
'20M-GLOBAUX-00-I',500,195100,244500,630
'20M-GLOBAUX-00-I',501,53000,84930,630
'20M-GLOBAUX-00-I',501,84930,85945,615
'20M-GLOBAUX-00-I',501,85945,192015,510
'20M-GLOBAUX-00-I',501,192015,193000,585
'20M-GLOBAUX-00-I',501,193000,244500,630
'20M-GLOBAUX-04-S',500,53000,55015,405
'20M-GLOBAUX-04-S',500,55015,55630,375
'20M-GLOBAUX-04-S',500,55630,60120,290
'20M-GLOBAUX-04-S',500,60120,75350,270
'20M-GLOBAUX-04-S',500,75350,75800,250
'20M-GLOBAUX-04-S',500,75800,82930,210
'20M-GLOBAUX-04-S',500,82930,93230,270
'20M-GLOBAUX-04-S',500,93230,93830,360
'20M-GLOBAUX-04-S',500,93830,144400,390
'20M-GLOBAUX-04-S',500,144400,154400,300
'20M-GLOBAUX-04-S',500,154400,174740,265
'20M-GLOBAUX-04-S',500,174740,222740,300
'20M-GLOBAUX-04-S',500,222740,223315,335
'20M-GLOBAUX-04-S',500,223315,244500,465
'20M-GLOBAUX-04-S',501,53000,55700,405
'20M-GLOBAUX-04-S',501,55700,60300,360
'20M-GLOBAUX-04-S',501,60300,73730,270
'20M-GLOBAUX-04-S',501,73730,80125,205
'20M-GLOBAUX-04-S',501,80125,80825,210
'20M-GLOBAUX-04-S',501,80825,82140,265
'20M-GLOBAUX-04-S',501,82140,93810,270
'20M-GLOBAUX-04-S',501,93810,94435,385
'20M-GLOBAUX-04-S',501,94435,144335,390
'20M-GLOBAUX-04-S',501,144335,144905,330
'20M-GLOBAUX-04-S',501,144905,152405,300
'20M-GLOBAUX-04-S',501,152405,172745,265
'20M-GLOBAUX-04-S',501,172745,173715,285
'20M-GLOBAUX-04-S',501,173715,174205,290
'20M-GLOBAUX-04-S',501,174205,222705,300
'20M-GLOBAUX-04-S',501,222705,223315,370
'20M-GLOBAUX-04-S',501,223315,244500,465
'20M-GLOBAUX-20-A',500,53000,92100,630
'20M-GLOBAUX-20-A',500,92100,203230,510
'20M-GLOBAUX-20-A',500,203230,204200,570
'20M-GLOBAUX-20-A',500,204200,251500,630
'20M-GLOBAUX-20-A',501,53000,84930,630
'20M-GLOBAUX-20-A',501,84930,85945,615
'20M-GLOBAUX-20-A',501,85945,201115,510
'20M-GLOBAUX-20-A',501,201115,202100,585
'20M-GLOBAUX-20-A',501,202100,251500,630
'20M-GLOBAUX-20-F1',500,53000,63300,630
'20M-GLOBAUX-20-F1',500,63300,81540,440
'20M-GLOBAUX-20-F1',500,81540,192040,420
'20M-GLOBAUX-20-F1',500,192040,193000,560
'20M-GLOBAUX-20-F1',500,193000,244500,630
'20M-GLOBAUX-20-F1',501,53000,63300,630
'20M-GLOBAUX-20-F1',501,63300,75340,440
'20M-GLOBAUX-20-F1',501,75340,81525,435
'20M-GLOBAUX-20-F1',501,81525,192025,420
'20M-GLOBAUX-20-F1',501,192025,193000,575
'20M-GLOBAUX-20-F1',501,193000,244500,630
'20M-GLOBAUX-20-F2',500,53000,63300,630
'20M-GLOBAUX-20-F2',500,63300,81540,440
'20M-GLOBAUX-20-F2',500,81540,192040,420
'20M-GLOBAUX-20-F2',500,192040,193000,560
'20M-GLOBAUX-20-F2',500,193000,244500,630
'20M-GLOBAUX-20-F2',501,53000,63300,630
'20M-GLOBAUX-20-F2',501,63300,75340,440
'20M-GLOBAUX-20-F2',501,75340,81525,435
'20M-GLOBAUX-20-F2',501,81525,192025,420
'20M-GLOBAUX-20-F2',501,192025,193000,575
'20M-GLOBAUX-20-F2',501,193000,244500,630
'20M-GLOBAUX-20-I',500,53000,92100,630
'20M-GLOBAUX-20-I',500,92100,194130,510
'20M-GLOBAUX-20-I',500,194130,195100,570
'20M-GLOBAUX-20-I',500,195100,244500,630
'20M-GLOBAUX-20-I',501,53000,84930,630
'20M-GLOBAUX-20-I',501,84930,85945,615
'20M-GLOBAUX-20-I',501,85945,192015,510
'20M-GLOBAUX-20-I',501,192015,193000,585
'20M-GLOBAUX-20-I',501,193000,244500,630
'20M-GLOBAUX-20-S',500,53000,55015,405
'20M-GLOBAUX-20-S',500,55015,55630,375
'20M-GLOBAUX-20-S',500,55630,60120,290
'20M-GLOBAUX-20-S',500,60120,75350,270
'20M-GLOBAUX-20-S',500,75350,75800,250
'20M-GLOBAUX-20-S',500,75800,82930,210
'20M-GLOBAUX-20-S',500,82930,93230,270
'20M-GLOBAUX-20-S',500,93230,93830,360
'20M-GLOBAUX-20-S',500,93830,144400,390
'20M-GLOBAUX-20-S',500,144400,154400,300
'20M-GLOBAUX-20-S',500,154400,174740,265
'20M-GLOBAUX-20-S',500,174740,222740,300
'20M-GLOBAUX-20-S',500,222740,223315,335
'20M-GLOBAUX-20-S',500,223315,244500,465
'20M-GLOBAUX-20-S',501,53000,55700,405
'20M-GLOBAUX-20-S',501,55700,60300,360
'20M-GLOBAUX-20-S',501,60300,73730,270
'20M-GLOBAUX-20-S',501,73730,80125,205
'20M-GLOBAUX-20-S',501,80125,80825,210
'20M-GLOBAUX-20-S',501,80825,82140,265
'20M-GLOBAUX-20-S',501,82140,93810,270
'20M-GLOBAUX-20-S',501,93810,94435,385
'20M-GLOBAUX-20-S',501,94435,144335,390
'20M-GLOBAUX-20-S',501,144335,144905,330
'20M-GLOBAUX-20-S',501,144905,152405,300
'20M-GLOBAUX-20-S',501,152405,172745,265
'20M-GLOBAUX-20-S',501,172745,173715,285
'20M-GLOBAUX-20-S',501,173715,174205,290
'20M-GLOBAUX-20-S',501,174205,222705,300
'20M-GLOBAUX-20-S',501,222705,223315,370
'20M-GLOBAUX-20-S',501,223315,244500,465
