'20N-GLOBAUX-10-A',100,53000,80730,630
'20N-GLOBAUX-10-A',100,80730,85410,560
'20N-GLOBAUX-10-A',100,85410,90245,515
'20N-GLOBAUX-10-A',100,90245,100140,505
'20N-GLOBAUX-10-A',100,100140,120420,460
'20N-GLOBAUX-10-A',100,120420,182750,390
'20N-GLOBAUX-10-A',100,182750,183520,450
'20N-GLOBAUX-10-A',100,183520,200720,460
'20N-GLOBAUX-10-A',100,200720,201535,495
'20N-GLOBAUX-10-A',100,201535,220500,505
'20N-GLOBAUX-10-A',100,220500,221410,550
'20N-GLOBAUX-10-A',100,221410,231930,560
'20N-GLOBAUX-10-A',100,231930,245400,630
'20N-GLOBAUX-10-A',100,245400,250500,660
'20N-GLOBAUX-10-A',101,53000,72530,630
'20N-GLOBAUX-10-A',101,72530,81210,560
'20N-GLOBAUX-10-A',101,81210,104340,505
'20N-GLOBAUX-10-A',101,104340,120020,460
'20N-GLOBAUX-10-A',101,120020,120720,420
'20N-GLOBAUX-10-A',101,120720,182420,390
'20N-GLOBAUX-10-A',101,182420,183120,420
'20N-GLOBAUX-10-A',101,183120,192500,460
'20N-GLOBAUX-10-A',101,192500,212250,505
'20N-GLOBAUX-10-A',101,212250,240130,560
'20N-GLOBAUX-10-A',101,240130,241200,630
'20N-GLOBAUX-10-A',101,241200,242300,660
'20N-GLOBAUX-10-A',101,242300,250800,675
'20N-GLOBAUX-10-F2',100,53000,55100,630
'20N-GLOBAUX-10-F2',100,55100,80415,615
'20N-GLOBAUX-10-F2',100,80415,95945,495
'20N-GLOBAUX-10-F2',100,95945,114330,415
'20N-GLOBAUX-10-F2',100,114330,173235,355
'20N-GLOBAUX-10-F2',100,173235,210705,495
'20N-GLOBAUX-10-F2',100,210705,211525,500
'20N-GLOBAUX-10-F2',100,211525,225755,615
'20N-GLOBAUX-10-F2',100,225755,242715,670
'20N-GLOBAUX-10-F2',100,242715,243930,735
'20N-GLOBAUX-10-F2',100,243930,250500,765
'20N-GLOBAUX-10-F2',101,53000,55100,630
'20N-GLOBAUX-10-F2',101,55100,80415,615
'20N-GLOBAUX-10-F2',101,80415,95945,495
'20N-GLOBAUX-10-F2',101,95945,114330,415
'20N-GLOBAUX-10-F2',101,114330,114935,365
'20N-GLOBAUX-10-F2',101,114935,172650,355
'20N-GLOBAUX-10-F2',101,172650,173255,365
'20N-GLOBAUX-10-F2',101,173255,174050,475
'20N-GLOBAUX-10-F2',101,174050,202550,495
'20N-GLOBAUX-10-F2',101,202550,203425,515
'20N-GLOBAUX-10-F2',101,203425,224740,615
'20N-GLOBAUX-10-F2',101,224740,232900,620
'20N-GLOBAUX-10-F2',101,232900,250800,660
'20N-GLOBAUX-10-F4',100,53000,80730,630
'20N-GLOBAUX-10-F4',100,80730,85410,560
'20N-GLOBAUX-10-F4',100,85410,90245,515
'20N-GLOBAUX-10-F4',100,90245,100140,505
'20N-GLOBAUX-10-F4',100,100140,120420,460
'20N-GLOBAUX-10-F4',100,120420,182750,390
'20N-GLOBAUX-10-F4',100,182750,183520,450
'20N-GLOBAUX-10-F4',100,183520,200720,460
'20N-GLOBAUX-10-F4',100,200720,201535,495
'20N-GLOBAUX-10-F4',100,201535,220500,505
'20N-GLOBAUX-10-F4',100,220500,221410,550
'20N-GLOBAUX-10-F4',100,221410,231930,560
'20N-GLOBAUX-10-F4',100,231930,245400,630
'20N-GLOBAUX-10-F4',100,245400,250500,660
'20N-GLOBAUX-10-F4',101,53000,72530,630
'20N-GLOBAUX-10-F4',101,72530,81210,560
'20N-GLOBAUX-10-F4',101,81210,104340,505
'20N-GLOBAUX-10-F4',101,104340,120020,460
'20N-GLOBAUX-10-F4',101,120020,120720,420
'20N-GLOBAUX-10-F4',101,120720,182420,390
'20N-GLOBAUX-10-F4',101,182420,183120,420
'20N-GLOBAUX-10-F4',101,183120,192500,460
'20N-GLOBAUX-10-F4',101,192500,212250,505
'20N-GLOBAUX-10-F4',101,212250,240130,560
'20N-GLOBAUX-10-F4',101,240130,241200,630
'20N-GLOBAUX-10-F4',101,241200,242300,660
'20N-GLOBAUX-10-F4',101,242300,250800,675
'20N-GLOBAUX-10-I',100,53000,80730,630
'20N-GLOBAUX-10-I',100,80730,92210,560
'20N-GLOBAUX-10-I',100,92210,93045,515
'20N-GLOBAUX-10-I',100,93045,113700,505
'20N-GLOBAUX-10-I',100,113700,141800,460
'20N-GLOBAUX-10-I',100,141800,182300,420
'20N-GLOBAUX-10-I',100,182300,213635,505
'20N-GLOBAUX-10-I',100,213635,214550,555
'20N-GLOBAUX-10-I',100,214550,230030,560
'20N-GLOBAUX-10-I',100,230030,243500,630
'20N-GLOBAUX-10-I',101,53000,72530,630
'20N-GLOBAUX-10-I',101,72530,84010,560
'20N-GLOBAUX-10-I',101,84010,121900,505
'20N-GLOBAUX-10-I',101,121900,150000,460
'20N-GLOBAUX-10-I',101,150000,182300,420
'20N-GLOBAUX-10-I',101,182300,183120,500
'20N-GLOBAUX-10-I',101,183120,221835,505
'20N-GLOBAUX-10-I',101,221835,222900,625
'20N-GLOBAUX-10-I',101,222900,240330,630
'20N-GLOBAUX-10-I',101,240330,243800,690
'20N-GLOBAUX-10-S',100,53000,60200,480
'20N-GLOBAUX-10-S',100,60200,60900,420
'20N-GLOBAUX-10-S',100,60900,61500,360
'20N-GLOBAUX-10-S',100,61500,64000,300
'20N-GLOBAUX-10-S',100,64000,64430,270
'20N-GLOBAUX-10-S',100,64430,65700,250
'20N-GLOBAUX-10-S',100,65700,70830,230
'20N-GLOBAUX-10-S',100,70830,73030,220
'20N-GLOBAUX-10-S',100,73030,74825,215
'20N-GLOBAUX-10-S',100,74825,83025,210
'20N-GLOBAUX-10-S',100,83025,83955,285
'20N-GLOBAUX-10-S',100,83955,84450,295
'20N-GLOBAUX-10-S',100,84450,152450,300
'20N-GLOBAUX-10-S',100,152450,152920,270
'20N-GLOBAUX-10-S',100,152920,154120,240
'20N-GLOBAUX-10-S',100,154120,160420,230
'20N-GLOBAUX-10-S',100,160420,161130,215
'20N-GLOBAUX-10-S',100,161130,162835,205
'20N-GLOBAUX-10-S',100,162835,163155,200
'20N-GLOBAUX-10-S',100,163155,170645,190
'20N-GLOBAUX-10-S',100,170645,171000,195
'20N-GLOBAUX-10-S',100,171000,171330,210
'20N-GLOBAUX-10-S',100,171330,172500,230
'20N-GLOBAUX-10-S',100,172500,175300,240
'20N-GLOBAUX-10-S',100,175300,182000,270
'20N-GLOBAUX-10-S',100,182000,223000,300
'20N-GLOBAUX-10-S',100,223000,223530,330
'20N-GLOBAUX-10-S',100,223530,232300,475
'20N-GLOBAUX-10-S',100,232300,243500,480
'20N-GLOBAUX-10-S',101,53000,61000,480
'20N-GLOBAUX-10-S',101,61000,61630,390
'20N-GLOBAUX-10-S',101,61630,65130,300
'20N-GLOBAUX-10-S',101,65130,71530,240
'20N-GLOBAUX-10-S',101,71530,72700,230
'20N-GLOBAUX-10-S',101,72700,74120,215
'20N-GLOBAUX-10-S',101,74120,74450,210
'20N-GLOBAUX-10-S',101,74450,83020,195
'20N-GLOBAUX-10-S',101,83020,83720,210
'20N-GLOBAUX-10-S',101,83720,84055,215
'20N-GLOBAUX-10-S',101,84055,84435,220
'20N-GLOBAUX-10-S',101,84435,85355,280
'20N-GLOBAUX-10-S',101,85355,91255,285
'20N-GLOBAUX-10-S',101,91255,153255,300
'20N-GLOBAUX-10-S',101,153255,153725,270
'20N-GLOBAUX-10-S',101,153725,155725,240
'20N-GLOBAUX-10-S',101,155725,160120,235
'20N-GLOBAUX-10-S',101,160120,165110,230
'20N-GLOBAUX-10-S',101,165110,180310,240
'20N-GLOBAUX-10-S',101,180310,180720,250
'20N-GLOBAUX-10-S',101,180720,183420,270
'20N-GLOBAUX-10-S',101,183420,190250,285
'20N-GLOBAUX-10-S',101,190250,224250,300
'20N-GLOBAUX-10-S',101,224250,224900,370
'20N-GLOBAUX-10-S',101,224900,225600,420
'20N-GLOBAUX-10-S',101,225600,231030,435
'20N-GLOBAUX-10-S',101,231030,231800,450
'20N-GLOBAUX-10-S',101,231800,243800,480
'20N-GLOBAUX-11-F1',100,53000,60600,720
'20N-GLOBAUX-11-F1',100,60600,61730,690
'20N-GLOBAUX-11-F1',100,61730,62815,645
'20N-GLOBAUX-11-F1',100,62815,93415,620
'20N-GLOBAUX-11-F1',100,93415,233445,615
'20N-GLOBAUX-11-F1',100,233445,242245,720
'20N-GLOBAUX-11-F1',100,242245,243500,735
'20N-GLOBAUX-11-F1',101,53000,61800,720
'20N-GLOBAUX-11-F1',101,61800,92400,620
'20N-GLOBAUX-11-F1',101,92400,231415,615
'20N-GLOBAUX-11-F1',101,231415,232445,630
'20N-GLOBAUX-11-F1',101,232445,240045,720
'20N-GLOBAUX-11-F1',101,240045,241300,735
'20N-GLOBAUX-11-F1',101,241300,243800,750
'20N-GLOBAUX-11-F3',100,53000,60600,720
'20N-GLOBAUX-11-F3',100,60600,61730,690
'20N-GLOBAUX-11-F3',100,61730,62815,645
'20N-GLOBAUX-11-F3',100,62815,93415,620
'20N-GLOBAUX-11-F3',100,93415,233445,615
'20N-GLOBAUX-11-F3',100,233445,242245,720
'20N-GLOBAUX-11-F3',100,242245,243500,735
'20N-GLOBAUX-11-F3',101,53000,61800,720
'20N-GLOBAUX-11-F3',101,61800,92400,620
'20N-GLOBAUX-11-F3',101,92400,231415,615
'20N-GLOBAUX-11-F3',101,231415,232445,630
'20N-GLOBAUX-11-F3',101,232445,240045,720
'20N-GLOBAUX-11-F3',101,240045,241300,735
'20N-GLOBAUX-11-F3',101,241300,243800,750
'20N-GLOBAUX-11-S',100,53000,60200,480
'20N-GLOBAUX-11-S',100,60200,60900,420
'20N-GLOBAUX-11-S',100,60900,61500,360
'20N-GLOBAUX-11-S',100,61500,64000,300
'20N-GLOBAUX-11-S',100,64000,64430,270
'20N-GLOBAUX-11-S',100,64430,65700,250
'20N-GLOBAUX-11-S',100,65700,70830,230
'20N-GLOBAUX-11-S',100,70830,73030,220
'20N-GLOBAUX-11-S',100,73030,74825,215
'20N-GLOBAUX-11-S',100,74825,83025,210
'20N-GLOBAUX-11-S',100,83025,83955,285
'20N-GLOBAUX-11-S',100,83955,84450,295
'20N-GLOBAUX-11-S',100,84450,152450,300
'20N-GLOBAUX-11-S',100,152450,152920,270
'20N-GLOBAUX-11-S',100,152920,154120,240
'20N-GLOBAUX-11-S',100,154120,160420,230
'20N-GLOBAUX-11-S',100,160420,161130,215
'20N-GLOBAUX-11-S',100,161130,162835,205
'20N-GLOBAUX-11-S',100,162835,163155,200
'20N-GLOBAUX-11-S',100,163155,170645,190
'20N-GLOBAUX-11-S',100,170645,171000,195
'20N-GLOBAUX-11-S',100,171000,171330,210
'20N-GLOBAUX-11-S',100,171330,172500,230
'20N-GLOBAUX-11-S',100,172500,175300,240
'20N-GLOBAUX-11-S',100,175300,182000,270
'20N-GLOBAUX-11-S',100,182000,223000,300
'20N-GLOBAUX-11-S',100,223000,223530,330
'20N-GLOBAUX-11-S',100,223530,232300,475
'20N-GLOBAUX-11-S',100,232300,243500,480
'20N-GLOBAUX-11-S',101,53000,61000,480
'20N-GLOBAUX-11-S',101,61000,61630,390
'20N-GLOBAUX-11-S',101,61630,65130,300
'20N-GLOBAUX-11-S',101,65130,71530,240
'20N-GLOBAUX-11-S',101,71530,72700,230
'20N-GLOBAUX-11-S',101,72700,74120,215
'20N-GLOBAUX-11-S',101,74120,74450,210
'20N-GLOBAUX-11-S',101,74450,83020,195
'20N-GLOBAUX-11-S',101,83020,83720,210
'20N-GLOBAUX-11-S',101,83720,84055,215
'20N-GLOBAUX-11-S',101,84055,84435,220
'20N-GLOBAUX-11-S',101,84435,85355,280
'20N-GLOBAUX-11-S',101,85355,91255,285
'20N-GLOBAUX-11-S',101,91255,153255,300
'20N-GLOBAUX-11-S',101,153255,153725,270
'20N-GLOBAUX-11-S',101,153725,155725,240
'20N-GLOBAUX-11-S',101,155725,160120,235
'20N-GLOBAUX-11-S',101,160120,165110,230
'20N-GLOBAUX-11-S',101,165110,180310,240
'20N-GLOBAUX-11-S',101,180310,180720,250
'20N-GLOBAUX-11-S',101,180720,183420,270
'20N-GLOBAUX-11-S',101,183420,190250,285
'20N-GLOBAUX-11-S',101,190250,224250,300
'20N-GLOBAUX-11-S',101,224250,224900,370
'20N-GLOBAUX-11-S',101,224900,225600,420
'20N-GLOBAUX-11-S',101,225600,231030,435
'20N-GLOBAUX-11-S',101,231030,231800,450
'20N-GLOBAUX-11-S',101,231800,243800,480
