'18SA',400,53000,251000,600
'18SA',400,251000,251830,510
'18SA',400,251830,253000,690
'18SA',401,53000,253000,600
'18SF1',400,53000,244000,600
'18SF1',400,244000,244830,510
'18SF1',400,244830,250000,690
'18SF1',401,53000,250000,600
'18SF2',400,53000,244000,600
'18SF2',400,244000,244830,510
'18SF2',400,244830,250000,690
'18SF2',401,53000,250000,600
'18SI',400,53000,244000,600
'18SI',400,244000,244830,510
'18SI',400,244830,250000,690
'18SI',401,53000,250000,600
'18SS',400,53000,62000,600
'18SS',400,62000,63800,360
'18SS',400,63800,65430,330
'18SS',400,65430,83620,235
'18SS',400,83620,84020,240
'18SS',400,84020,92520,270
'18SS',400,92520,93030,310
'18SS',400,93030,94000,570
'18SS',400,94000,150000,600
'18SS',400,150000,150700,420
'18SS',400,150700,151900,360
'18SS',400,151900,152800,270
'18SS',400,152800,154000,240
'18SS',400,154000,181640,235
'18SS',400,181640,182540,270
'18SS',400,182540,183130,350
'18SS',400,183130,200000,590
'18SS',400,200000,244000,600
'18SS',400,244000,244830,510
'18SS',400,244830,250000,690
'18SS',401,53000,62000,600
'18SS',401,62000,63800,360
'18SS',401,63800,64315,315
'18SS',401,64315,65225,275
'18SS',401,65225,85350,235
'18SS',401,85350,91620,270
'18SS',401,91620,92100,280
'18SS',401,92100,93000,540
'18SS',401,93000,150000,600
'18SS',401,150000,151800,360
'18SS',401,151800,153000,240
'18SS',401,153000,175850,235
'18SS',401,175850,182550,270
'18SS',401,182550,183235,405
'18SS',401,183235,194015,580
'18SS',401,194015,195000,585
'18SS',401,195000,250000,600
