'19U-GLOBAUX-00-A',100,53000,72530,630
'19U-GLOBAUX-00-A',100,72530,81210,560
'19U-GLOBAUX-00-A',100,81210,103515,505
'19U-GLOBAUX-00-A',100,103515,104340,505
'19U-GLOBAUX-00-A',100,104340,120020,460
'19U-GLOBAUX-00-A',100,120020,120720,420
'19U-GLOBAUX-00-A',100,120720,145620,390
'19U-GLOBAUX-00-A',100,145620,213120,300
'19U-GLOBAUX-00-A',100,213120,223120,300
'19U-GLOBAUX-00-A',100,223120,233420,420
'19U-GLOBAUX-00-A',100,233420,234220,480
'19U-GLOBAUX-00-A',100,234220,235040,500
'19U-GLOBAUX-00-A',100,235040,245800,505
'19U-GLOBAUX-00-A',100,245800,250800,600
'19U-GLOBAUX-00-A',101,53000,80730,630
'19U-GLOBAUX-00-A',101,80730,85410,560
'19U-GLOBAUX-00-A',101,85410,90245,515
'19U-GLOBAUX-00-A',101,90245,100140,505
'19U-GLOBAUX-00-A',101,100140,103220,460
'19U-GLOBAUX-00-A',101,103220,120420,460
'19U-GLOBAUX-00-A',101,120420,143350,390
'19U-GLOBAUX-00-A',101,143350,145250,380
'19U-GLOBAUX-00-A',101,145250,145850,360
'19U-GLOBAUX-00-A',101,145850,213350,300
'19U-GLOBAUX-00-A',101,213350,224850,300
'19U-GLOBAUX-00-A',101,224850,233750,420
'19U-GLOBAUX-00-A',101,233750,234605,495
'19U-GLOBAUX-00-A',101,234605,244500,505
'19U-GLOBAUX-00-A',101,244500,250500,600
'19U-GLOBAUX-00-F1',100,53000,70430,630
'19U-GLOBAUX-00-F1',100,70430,72430,600
'19U-GLOBAUX-00-F1',100,72430,83910,560
'19U-GLOBAUX-00-F1',100,83910,103700,505
'19U-GLOBAUX-00-F1',100,103700,121800,505
'19U-GLOBAUX-00-F1',100,121800,144340,460
'19U-GLOBAUX-00-F1',100,144340,145040,420
'19U-GLOBAUX-00-F1',100,145040,145655,375
'19U-GLOBAUX-00-F1',100,145655,213155,300
'19U-GLOBAUX-00-F1',100,213155,222655,300
'19U-GLOBAUX-00-F1',100,222655,223255,360
'19U-GLOBAUX-00-F1',100,223255,224855,480
'19U-GLOBAUX-00-F1',100,224855,225800,545
'19U-GLOBAUX-00-F1',100,225800,243800,600
'19U-GLOBAUX-00-F1',101,53000,80730,630
'19U-GLOBAUX-00-F1',101,80730,91250,560
'19U-GLOBAUX-00-F1',101,91250,93000,515
'19U-GLOBAUX-00-F1',101,93000,103720,505
'19U-GLOBAUX-00-F1',101,103720,111925,505
'19U-GLOBAUX-00-F1',101,111925,112725,480
'19U-GLOBAUX-00-F1',101,112725,135305,460
'19U-GLOBAUX-00-F1',101,135305,140025,440
'19U-GLOBAUX-00-F1',101,140025,144225,420
'19U-GLOBAUX-00-F1',101,144225,145425,360
'19U-GLOBAUX-00-F1',101,145425,213425,300
'19U-GLOBAUX-00-F1',101,213425,222925,300
'19U-GLOBAUX-00-F1',101,222925,223625,420
'19U-GLOBAUX-00-F1',101,223625,224500,515
'19U-GLOBAUX-00-F1',101,224500,243500,600
'19U-GLOBAUX-00-F2',100,53000,70430,630
'19U-GLOBAUX-00-F2',100,70430,72430,600
'19U-GLOBAUX-00-F2',100,72430,83910,560
'19U-GLOBAUX-00-F2',100,83910,103700,505
'19U-GLOBAUX-00-F2',100,103700,121800,505
'19U-GLOBAUX-00-F2',100,121800,144340,460
'19U-GLOBAUX-00-F2',100,144340,145040,420
'19U-GLOBAUX-00-F2',100,145040,145655,375
'19U-GLOBAUX-00-F2',100,145655,213155,300
'19U-GLOBAUX-00-F2',100,213155,222655,300
'19U-GLOBAUX-00-F2',100,222655,223255,360
'19U-GLOBAUX-00-F2',100,223255,224855,480
'19U-GLOBAUX-00-F2',100,224855,225800,545
'19U-GLOBAUX-00-F2',100,225800,243800,600
'19U-GLOBAUX-00-F2',101,53000,80730,630
'19U-GLOBAUX-00-F2',101,80730,91250,560
'19U-GLOBAUX-00-F2',101,91250,93000,515
'19U-GLOBAUX-00-F2',101,93000,103720,505
'19U-GLOBAUX-00-F2',101,103720,111925,505
'19U-GLOBAUX-00-F2',101,111925,112725,480
'19U-GLOBAUX-00-F2',101,112725,135305,460
'19U-GLOBAUX-00-F2',101,135305,140025,440
'19U-GLOBAUX-00-F2',101,140025,144225,420
'19U-GLOBAUX-00-F2',101,144225,145425,360
'19U-GLOBAUX-00-F2',101,145425,213425,300
'19U-GLOBAUX-00-F2',101,213425,222925,300
'19U-GLOBAUX-00-F2',101,222925,223625,420
'19U-GLOBAUX-00-F2',101,223625,224500,515
'19U-GLOBAUX-00-F2',101,224500,243500,600
'19U-GLOBAUX-00-I',100,53000,70430,630
'19U-GLOBAUX-00-I',100,70430,72430,600
'19U-GLOBAUX-00-I',100,72430,83910,560
'19U-GLOBAUX-00-I',100,83910,103700,505
'19U-GLOBAUX-00-I',100,103700,121800,505
'19U-GLOBAUX-00-I',100,121800,144340,460
'19U-GLOBAUX-00-I',100,144340,145040,420
'19U-GLOBAUX-00-I',100,145040,145655,375
'19U-GLOBAUX-00-I',100,145655,213155,300
'19U-GLOBAUX-00-I',100,213155,222655,300
'19U-GLOBAUX-00-I',100,222655,223255,360
'19U-GLOBAUX-00-I',100,223255,224855,480
'19U-GLOBAUX-00-I',100,224855,225800,545
'19U-GLOBAUX-00-I',100,225800,243800,600
'19U-GLOBAUX-00-I',101,53000,80730,630
'19U-GLOBAUX-00-I',101,80730,91250,560
'19U-GLOBAUX-00-I',101,91250,93000,515
'19U-GLOBAUX-00-I',101,93000,103720,505
'19U-GLOBAUX-00-I',101,103720,111925,505
'19U-GLOBAUX-00-I',101,111925,112725,480
'19U-GLOBAUX-00-I',101,112725,135305,460
'19U-GLOBAUX-00-I',101,135305,140025,440
'19U-GLOBAUX-00-I',101,140025,144225,420
'19U-GLOBAUX-00-I',101,144225,145425,360
'19U-GLOBAUX-00-I',101,145425,213425,300
'19U-GLOBAUX-00-I',101,213425,222925,300
'19U-GLOBAUX-00-I',101,222925,223625,420
'19U-GLOBAUX-00-I',101,223625,224500,515
'19U-GLOBAUX-00-I',101,224500,243500,600
'19U-GLOBAUX-01-S',100,53000,54000,600
'19U-GLOBAUX-01-S',100,54000,55900,570
'19U-GLOBAUX-01-S',100,55900,60800,540
'19U-GLOBAUX-01-S',100,60800,62900,420
'19U-GLOBAUX-01-S',100,62900,64700,360
'19U-GLOBAUX-01-S',100,64700,65250,350
'19U-GLOBAUX-01-S',100,65250,71250,240
'19U-GLOBAUX-01-S',100,71250,71645,235
'19U-GLOBAUX-01-S',100,71645,73145,225
'19U-GLOBAUX-01-S',100,73145,74215,210
'19U-GLOBAUX-01-S',100,74215,83100,195
'19U-GLOBAUX-01-S',100,83100,83800,210
'19U-GLOBAUX-01-S',100,83800,84530,225
'19U-GLOBAUX-01-S',100,84530,90915,285
'19U-GLOBAUX-01-S',100,90915,92915,300
'19U-GLOBAUX-01-S',100,92915,93440,325
'19U-GLOBAUX-01-S',100,93440,152240,360
'19U-GLOBAUX-01-S',100,152240,155010,330
'19U-GLOBAUX-01-S',100,155010,155510,300
'19U-GLOBAUX-01-S',100,155510,155930,260
'19U-GLOBAUX-01-S',100,155930,162730,240
'19U-GLOBAUX-01-S',100,162730,164640,230
'19U-GLOBAUX-01-S',100,164640,180640,240
'19U-GLOBAUX-01-S',100,180640,183955,285
'19U-GLOBAUX-01-S',100,183955,223955,300
'19U-GLOBAUX-01-S',100,223955,224555,360
'19U-GLOBAUX-01-S',100,224555,232755,420
'19U-GLOBAUX-01-S',100,232755,241925,515
'19U-GLOBAUX-01-S',100,241925,242825,540
'19U-GLOBAUX-01-S',100,242825,243800,575
'19U-GLOBAUX-01-S',101,53000,54000,600
'19U-GLOBAUX-01-S',101,54000,54900,540
'19U-GLOBAUX-01-S',101,54900,60500,480
'19U-GLOBAUX-01-S',101,60500,61200,420
'19U-GLOBAUX-01-S',101,61200,62400,360
'19U-GLOBAUX-01-S',101,62400,63900,300
'19U-GLOBAUX-01-S',101,63900,65700,270
'19U-GLOBAUX-01-S',101,65700,70530,255
'19U-GLOBAUX-01-S',101,70530,73000,210
'19U-GLOBAUX-01-S',101,73000,80730,225
'19U-GLOBAUX-01-S',101,80730,83930,240
'19U-GLOBAUX-01-S',101,83930,84400,270
'19U-GLOBAUX-01-S',101,84400,84900,300
'19U-GLOBAUX-01-S',101,84900,90530,330
'19U-GLOBAUX-01-S',101,90530,92245,345
'19U-GLOBAUX-01-S',101,92245,92840,355
'19U-GLOBAUX-01-S',101,92840,152240,360
'19U-GLOBAUX-01-S',101,152240,152810,330
'19U-GLOBAUX-01-S',101,152810,153240,270
'19U-GLOBAUX-01-S',101,153240,154440,240
'19U-GLOBAUX-01-S',101,154440,160740,230
'19U-GLOBAUX-01-S',101,160740,163825,205
'19U-GLOBAUX-01-S',101,163825,170655,190
'19U-GLOBAUX-01-S',101,170655,171010,195
'19U-GLOBAUX-01-S',101,171010,171340,210
'19U-GLOBAUX-01-S',101,171340,172510,230
'19U-GLOBAUX-01-S',101,172510,173300,235
'19U-GLOBAUX-01-S',101,173300,180100,240
'19U-GLOBAUX-01-S',101,180100,181840,265
'19U-GLOBAUX-01-S',101,181840,184710,285
'19U-GLOBAUX-01-S',101,184710,222710,300
'19U-GLOBAUX-01-S',101,222710,224220,455
'19U-GLOBAUX-01-S',101,224220,230805,515
'19U-GLOBAUX-01-S',101,230805,231705,540
'19U-GLOBAUX-01-S',101,231705,232645,580
'19U-GLOBAUX-01-S',101,232645,243500,585
