'19M-GLOBAUX-00-A',200,52945,80700,555
'19M-GLOBAUX-00-A',200,80700,94030,510
'19M-GLOBAUX-00-A',200,94030,115955,440
'19M-GLOBAUX-00-A',200,115955,121955,400
'19M-GLOBAUX-00-A',200,121955,185740,385
'19M-GLOBAUX-00-A',200,185740,201820,440
'19M-GLOBAUX-00-A',200,201820,205020,480
'19M-GLOBAUX-00-A',200,205020,213250,510
'19M-GLOBAUX-00-A',200,213250,232650,570
'19M-GLOBAUX-00-A',200,232650,242650,600
'19M-GLOBAUX-00-A',200,242650,243715,625
'19M-GLOBAUX-00-A',200,243715,250845,630
'19M-GLOBAUX-00-A',201,53000,81630,555
'19M-GLOBAUX-00-A',201,81630,103230,510
'19M-GLOBAUX-00-A',201,103230,124430,440
'19M-GLOBAUX-00-A',201,124430,131110,400
'19M-GLOBAUX-00-A',201,131110,192945,385
'19M-GLOBAUX-00-A',201,192945,211225,440
'19M-GLOBAUX-00-A',201,211225,214425,480
'19M-GLOBAUX-00-A',201,214425,220955,510
'19M-GLOBAUX-00-A',201,220955,221840,525
'19M-GLOBAUX-00-A',201,221840,234155,555
'19M-GLOBAUX-00-A',201,234155,241025,570
'19M-GLOBAUX-00-A',201,241025,242000,575
'19M-GLOBAUX-00-A',201,242000,250000,600
'19M-GLOBAUX-00-F1',200,52945,70345,470
'19M-GLOBAUX-00-F1',200,70345,71105,440
'19M-GLOBAUX-00-F1',200,71105,92850,435
'19M-GLOBAUX-00-F1',200,92850,93520,390
'19M-GLOBAUX-00-F1',200,93520,113055,385
'19M-GLOBAUX-00-F1',200,113055,113700,365
'19M-GLOBAUX-00-F1',200,113700,173330,345
'19M-GLOBAUX-00-F1',200,173330,184400,385
'19M-GLOBAUX-00-F1',200,184400,195000,440
'19M-GLOBAUX-00-F1',200,195000,214900,510
'19M-GLOBAUX-00-F1',200,214900,223515,555
'19M-GLOBAUX-00-F1',200,223515,232515,600
'19M-GLOBAUX-00-F1',200,232515,243845,630
'19M-GLOBAUX-00-F1',201,53000,61230,510
'19M-GLOBAUX-00-F1',201,61230,74630,470
'19M-GLOBAUX-00-F1',201,74630,75415,465
'19M-GLOBAUX-00-F1',201,75415,102630,435
'19M-GLOBAUX-00-F1',201,102630,122200,385
'19M-GLOBAUX-00-F1',201,122200,181830,345
'19M-GLOBAUX-00-F1',201,181830,192905,385
'19M-GLOBAUX-00-F1',201,192905,203505,440
'19M-GLOBAUX-00-F1',201,203505,223405,510
'19M-GLOBAUX-00-F1',201,223405,232020,555
'19M-GLOBAUX-00-F1',201,232020,233000,580
'19M-GLOBAUX-00-F1',201,233000,243000,600
'19M-GLOBAUX-00-F2',200,52945,70345,470
'19M-GLOBAUX-00-F2',200,70345,71105,440
'19M-GLOBAUX-00-F2',200,71105,92850,435
'19M-GLOBAUX-00-F2',200,92850,93520,390
'19M-GLOBAUX-00-F2',200,93520,113055,385
'19M-GLOBAUX-00-F2',200,113055,113700,365
'19M-GLOBAUX-00-F2',200,113700,173330,345
'19M-GLOBAUX-00-F2',200,173330,184400,385
'19M-GLOBAUX-00-F2',200,184400,195000,440
'19M-GLOBAUX-00-F2',200,195000,214900,510
'19M-GLOBAUX-00-F2',200,214900,223515,555
'19M-GLOBAUX-00-F2',200,223515,232515,600
'19M-GLOBAUX-00-F2',200,232515,243845,630
'19M-GLOBAUX-00-F2',201,53000,61230,510
'19M-GLOBAUX-00-F2',201,61230,74630,470
'19M-GLOBAUX-00-F2',201,74630,75415,465
'19M-GLOBAUX-00-F2',201,75415,102630,435
'19M-GLOBAUX-00-F2',201,102630,122200,385
'19M-GLOBAUX-00-F2',201,122200,181830,345
'19M-GLOBAUX-00-F2',201,181830,192905,385
'19M-GLOBAUX-00-F2',201,192905,203505,440
'19M-GLOBAUX-00-F2',201,203505,223405,510
'19M-GLOBAUX-00-F2',201,223405,232020,555
'19M-GLOBAUX-00-F2',201,232020,233000,580
'19M-GLOBAUX-00-F2',201,233000,243000,600
'19M-GLOBAUX-00-F3',200,52945,82530,555
'19M-GLOBAUX-00-F3',200,82530,83435,545
'19M-GLOBAUX-00-F3',200,83435,112620,515
'19M-GLOBAUX-00-F3',200,112620,131710,475
'19M-GLOBAUX-00-F3',200,131710,170240,410
'19M-GLOBAUX-00-F3',200,170240,170940,420
'19M-GLOBAUX-00-F3',200,170940,183735,440
'19M-GLOBAUX-00-F3',200,183735,201135,470
'19M-GLOBAUX-00-F3',200,201135,214505,510
'19M-GLOBAUX-00-F3',200,214505,221250,555
'19M-GLOBAUX-00-F3',200,221250,222215,565
'19M-GLOBAUX-00-F3',200,222215,243845,630
'19M-GLOBAUX-00-F3',201,53000,84415,555
'19M-GLOBAUX-00-F3',201,84415,121015,515
'19M-GLOBAUX-00-F3',201,121015,140105,475
'19M-GLOBAUX-00-F3',201,140105,174635,410
'19M-GLOBAUX-00-F3',201,174635,192915,440
'19M-GLOBAUX-00-F3',201,192915,205525,470
'19M-GLOBAUX-00-F3',201,205525,222855,510
'19M-GLOBAUX-00-F3',201,222855,225640,555
'19M-GLOBAUX-00-F3',201,225640,230600,560
'19M-GLOBAUX-00-F3',201,230600,243000,630
'19M-GLOBAUX-00-I',200,52945,82530,555
'19M-GLOBAUX-00-I',200,82530,83435,545
'19M-GLOBAUX-00-I',200,83435,112620,515
'19M-GLOBAUX-00-I',200,112620,131710,475
'19M-GLOBAUX-00-I',200,131710,170240,410
'19M-GLOBAUX-00-I',200,170240,170940,420
'19M-GLOBAUX-00-I',200,170940,183735,440
'19M-GLOBAUX-00-I',200,183735,201135,470
'19M-GLOBAUX-00-I',200,201135,214505,510
'19M-GLOBAUX-00-I',200,214505,221250,555
'19M-GLOBAUX-00-I',200,221250,222215,565
'19M-GLOBAUX-00-I',200,222215,243845,630
'19M-GLOBAUX-00-I',201,53000,84415,555
'19M-GLOBAUX-00-I',201,84415,121015,515
'19M-GLOBAUX-00-I',201,121015,140105,475
'19M-GLOBAUX-00-I',201,140105,174635,410
'19M-GLOBAUX-00-I',201,174635,192915,440
'19M-GLOBAUX-00-I',201,192915,205525,470
'19M-GLOBAUX-00-I',201,205525,222855,510
'19M-GLOBAUX-00-I',201,222855,225640,555
'19M-GLOBAUX-00-I',201,225640,230600,560
'19M-GLOBAUX-00-I',201,230600,243000,630
'19M-GLOBAUX-00-S',200,52955,62355,360
'19M-GLOBAUX-00-S',200,62355,62830,275
'19M-GLOBAUX-00-S',200,62830,70620,225
'19M-GLOBAUX-00-S',200,70620,71000,220
'19M-GLOBAUX-00-S',200,71000,71650,205
'19M-GLOBAUX-00-S',200,71650,74605,195
'19M-GLOBAUX-00-S',200,74605,74855,170
'19M-GLOBAUX-00-S',200,74855,75135,160
'19M-GLOBAUX-00-S',200,75135,75645,155
'19M-GLOBAUX-00-S',200,75645,81145,150
'19M-GLOBAUX-00-S',200,81145,81425,160
'19M-GLOBAUX-00-S',200,81425,81925,150
'19M-GLOBAUX-00-S',200,81925,82205,160
'19M-GLOBAUX-00-S',200,82205,82705,150
'19M-GLOBAUX-00-S',200,82705,82945,160
'19M-GLOBAUX-00-S',200,82945,83215,150
'19M-GLOBAUX-00-S',200,83215,83515,180
'19M-GLOBAUX-00-S',200,83515,84145,195
'19M-GLOBAUX-00-S',200,84145,84520,215
'19M-GLOBAUX-00-S',200,84520,92540,220
'19M-GLOBAUX-00-S',200,92540,94755,225
'19M-GLOBAUX-00-S',200,94755,95645,265
'19M-GLOBAUX-00-S',200,95645,100120,275
'19M-GLOBAUX-00-S',200,100120,142120,300
'19M-GLOBAUX-00-S',200,142120,143110,295
'19M-GLOBAUX-00-S',200,143110,143515,245
'19M-GLOBAUX-00-S',200,143515,143915,240
'19M-GLOBAUX-00-S',200,143915,144635,220
'19M-GLOBAUX-00-S',200,144635,150405,210
'19M-GLOBAUX-00-S',200,150405,150740,205
'19M-GLOBAUX-00-S',200,150740,152710,195
'19M-GLOBAUX-00-S',200,152710,162740,165
'19M-GLOBAUX-00-S',200,162740,164040,195
'19M-GLOBAUX-00-S',200,164040,171910,210
'19M-GLOBAUX-00-S',200,171910,175255,225
'19M-GLOBAUX-00-S',200,175255,175705,250
'19M-GLOBAUX-00-S',200,175705,213200,300
'19M-GLOBAUX-00-S',200,213200,213730,345
'19M-GLOBAUX-00-S',200,213730,223230,300
'19M-GLOBAUX-00-S',200,223230,223840,370
'19M-GLOBAUX-00-S',200,223840,224520,400
'19M-GLOBAUX-00-S',200,224520,225950,435
'19M-GLOBAUX-00-S',200,225950,234350,440
'19M-GLOBAUX-00-S',200,234350,235850,450
'19M-GLOBAUX-00-S',200,235850,243850,480
'19M-GLOBAUX-00-S',201,53000,53650,410
'19M-GLOBAUX-00-S',201,53650,60920,390
'19M-GLOBAUX-00-S',201,60920,61530,370
'19M-GLOBAUX-00-S',201,61530,64530,360
'19M-GLOBAUX-00-S',201,64530,70215,335
'19M-GLOBAUX-00-S',201,70215,70715,300
'19M-GLOBAUX-00-S',201,70715,72255,235
'19M-GLOBAUX-00-S',201,72255,75255,225
'19M-GLOBAUX-00-S',201,75255,75635,220
'19M-GLOBAUX-00-S',201,75635,80325,205
'19M-GLOBAUX-00-S',201,80325,83240,195
'19M-GLOBAUX-00-S',201,83240,83530,170
'19M-GLOBAUX-00-S',201,83530,83810,160
'19M-GLOBAUX-00-S',201,83810,84320,155
'19M-GLOBAUX-00-S',201,84320,85820,150
'19M-GLOBAUX-00-S',201,85820,90100,160
'19M-GLOBAUX-00-S',201,90100,90600,150
'19M-GLOBAUX-00-S',201,90600,90840,160
'19M-GLOBAUX-00-S',201,90840,91340,150
'19M-GLOBAUX-00-S',201,91340,91620,160
'19M-GLOBAUX-00-S',201,91620,91850,150
'19M-GLOBAUX-00-S',201,91850,92150,180
'19M-GLOBAUX-00-S',201,92150,92820,195
'19M-GLOBAUX-00-S',201,92820,93155,215
'19M-GLOBAUX-00-S',201,93155,101215,220
'19M-GLOBAUX-00-S',201,101215,103100,225
'19M-GLOBAUX-00-S',201,103100,104545,295
'19M-GLOBAUX-00-S',201,104545,144045,300
'19M-GLOBAUX-00-S',201,144045,150520,295
'19M-GLOBAUX-00-S',201,150520,150925,245
'19M-GLOBAUX-00-S',201,150925,153615,230
'19M-GLOBAUX-00-S',201,153615,155345,210
'19M-GLOBAUX-00-S',201,155345,161315,195
'19M-GLOBAUX-00-S',201,161315,171345,165
'19M-GLOBAUX-00-S',201,171345,172645,195
'19M-GLOBAUX-00-S',201,172645,175115,210
'19M-GLOBAUX-00-S',201,175115,182845,225
'19M-GLOBAUX-00-S',201,182845,183255,250
'19M-GLOBAUX-00-S',201,183255,183740,285
'19M-GLOBAUX-00-S',201,183740,232240,300
'19M-GLOBAUX-00-S',201,232240,232930,410
'19M-GLOBAUX-00-S',201,232930,235115,435
'19M-GLOBAUX-00-S',201,235115,243000,465
