100,43,1,0
100,42,2,0
100,41,3,0
100,40,4,0
100,39,5,0
100,38,6,0
100,37,7,0
100,36,8,0
100,35,9,0
100,34,10,0
100,33,11,0
100,32,12,0
100,31,13,0
100,30,14,0
100,9999111,15,0
100,29,16,0
100,28,17,0
100,27,18,0
100,26,19,0
100,25,20,0
100,24,21,0
100,23,22,0
100,22,23,0
100,21,24,0
100,20,25,0
100,19,26,0
100,18,27,1
101,18,1,0
101,19,2,0
101,20,3,0
101,21,4,0
101,22,5,0
101,23,6,0
101,24,7,0
101,25,8,0
101,26,9,0
101,27,10,0
101,28,11,0
101,29,12,0
101,9999111,13,0
101,30,14,0
101,31,15,0
101,32,16,0
101,33,17,0
101,34,18,0
101,35,19,0
101,36,20,0
101,37,21,0
101,38,22,0
101,39,23,0
101,40,24,0
101,41,25,0
101,42,26,0
101,43,27,1
200,65,1,0
200,54,2,0
200,53,3,0
200,52,4,0
200,51,5,0
200,50,6,0
200,9999492,7,0
200,48,8,0
200,47,9,0
200,46,10,0
200,36,11,0
200,17,12,0
200,16,13,0
200,15,14,0
200,14,15,0
200,13,16,0
200,12,17,0
200,9999112,18,0
200,10,19,0
200,9,20,0
200,8,21,0
200,7,22,0
200,6,23,0
200,9999052,24,0
200,4,25,0
200,3,26,0
200,2,27,0
200,1,28,0
200,66,29,0
200,67,30,0
200,68,31,1
201,68,1,0
201,67,2,0
201,66,3,0
201,1,4,0
201,2,5,0
201,3,6,0
201,4,7,0
201,9999052,8,0
201,6,9,0
201,7,10,0
201,8,11,0
201,9,12,0
201,10,13,0
201,9999112,14,0
201,12,15,0
201,13,16,0
201,14,17,0
201,15,18,0
201,16,19,0
201,17,20,0
201,36,21,0
201,46,22,0
201,47,23,0
201,48,24,0
201,9999492,25,0
201,50,26,0
201,51,27,0
201,52,28,0
201,53,29,0
201,54,30,0
201,65,31,1
400,44,1,0
400,45,2,0
400,9999114,3,1
401,9999114,1,0
401,45,2,0
401,44,3,1
500,9999495,1,0
500,55,2,0
500,56,3,0
500,57,4,0
500,58,5,0
500,59,6,0
500,60,7,0
500,61,8,0
500,9999055,9,0
500,62,10,0
500,63,11,0
500,64,12,1
501,64,1,0
501,63,2,0
501,62,3,0
501,9999055,4,0
501,61,5,0
501,60,6,0
501,59,7,0
501,58,8,0
501,57,9,0
501,56,10,0
501,55,11,0
501,9999495,12,1
