'15UA',100,53000,72530,630
'15UA',100,72530,81210,560
'15UA',100,81210,104340,505
'15UA',100,104340,120020,460
'15UA',100,120020,120720,420
'15UA',100,120720,182420,390
'15UA',100,182420,233920,420
'15UA',100,233920,241300,505
'15UA',100,241300,242300,600
'15UA',100,242300,250800,675
'15UA',101,53000,80730,630
'15UA',101,80730,85410,560
'15UA',101,85410,90245,515
'15UA',101,90245,100140,505
'15UA',101,100140,120420,460
'15UA',101,120420,191320,390
'15UA',101,191320,233920,420
'15UA',101,233920,241300,505
'15UA',101,241300,242300,600
'15UA',101,242300,250500,630
'15UF1',100,53000,61000,600
'15UF1',100,61000,83140,500
'15UF1',100,83140,111740,415
'15UF1',100,111740,144540,390
'15UF1',100,144540,145200,380
'15UF1',100,145200,163400,360
'15UF1',100,163400,242300,335
'15UF1',100,242300,243000,420
'15UF1',100,243000,243800,480
'15UF1',101,53000,61000,600
'15UF1',101,61000,83140,500
'15UF1',101,83140,115910,415
'15UF1',101,115910,120600,410
'15UF1',101,120600,121930,405
'15UF1',101,121930,141000,390
'15UF1',101,141000,155200,360
'15UF1',101,155200,241430,335
'15UF1',101,241430,242030,360
'15UF1',101,242030,242700,390
'15UF1',101,242700,243500,480
'15UF2',100,53000,72530,630
'15UF2',100,72530,80250,560
'15UF2',100,80250,81200,550
'15UF2',100,81200,104330,505
'15UF2',100,104330,120010,460
'15UF2',100,120010,120720,430
'15UF2',100,120720,182420,390
'15UF2',100,182420,183120,420
'15UF2',100,183120,192500,460
'15UF2',100,192500,212250,505
'15UF2',100,212250,233330,560
'15UF2',100,233330,234300,570
'15UF2',100,234300,235300,600
'15UF2',100,235300,240330,630
'15UF2',100,240330,243800,690
'15UF2',101,53000,80730,630
'15UF2',101,80730,85410,560
'15UF2',101,85410,100130,505
'15UF2',101,100130,120410,460
'15UF2',101,120410,121050,400
'15UF2',101,121050,182750,390
'15UF2',101,182750,183520,450
'15UF2',101,183520,200720,460
'15UF2',101,200720,201535,495
'15UF2',101,201535,220500,505
'15UF2',101,220500,221410,550
'15UF2',101,221410,231010,560
'15UF2',101,231010,231950,580
'15UF2',101,231950,240150,630
'15UF2',101,240150,242350,660
'15UF2',101,242350,243500,670
'15UI',100,53000,72530,630
'15UI',100,72530,84010,560
'15UI',100,84010,121900,505
'15UI',100,121900,150000,460
'15UI',100,150000,182300,420
'15UI',100,182300,183120,500
'15UI',100,183120,221835,505
'15UI',100,221835,222900,625
'15UI',100,222900,240330,630
'15UI',100,240330,243800,690
'15UI',101,53000,80730,630
'15UI',101,80730,92210,560
'15UI',101,92210,93045,515
'15UI',101,93045,113700,505
'15UI',101,113700,141800,460
'15UI',101,141800,182300,420
'15UI',101,182300,213635,505
'15UI',101,213635,214550,555
'15UI',101,214550,230030,560
'15UI',101,230030,243500,630
'15US',100,53000,54030,630
'15US',100,54030,60900,570
'15US',100,60900,63000,420
'15US',100,63000,64800,360
'15US',100,64800,65230,270
'15US',100,65230,72030,240
'15US',100,72030,75030,225
'15US',100,75030,75400,210
'15US',100,75400,82315,195
'15US',100,82315,84045,210
'15US',100,84045,84530,285
'15US',100,84530,85610,320
'15US',100,85610,153210,360
'15US',100,153210,160510,330
'15US',100,160510,161010,300
'15US',100,161010,161505,295
'15US',100,161505,161915,250
'15US',100,161915,173515,240
'15US',100,173515,174345,255
'15US',100,174345,174815,270
'15US',100,174815,182315,300
'15US',100,182315,185915,360
'15US',100,185915,192515,390
'15US',100,192515,194615,420
'15US',100,194615,202345,450
'15US',100,202345,203145,480
'15US',100,203145,205645,500
'15US',100,205645,222915,555
'15US',100,222915,233145,625
'15US',100,233145,242645,660
'15US',100,242645,243800,675
'15US',101,53000,54030,630
'15US',101,54030,55930,570
'15US',101,55930,60800,510
'15US',101,60800,61600,480
'15US',101,61600,62330,450
'15US',101,62330,62930,360
'15US',101,62930,63430,300
'15US',101,63430,65700,270
'15US',101,65700,70100,240
'15US',101,70100,72900,210
'15US',101,72900,75900,225
'15US',101,75900,80315,255
'15US',101,80315,83915,270
'15US',101,83915,84410,295
'15US',101,84410,153810,360
'15US',101,153810,154340,330
'15US',101,154340,154830,290
'15US',101,154830,155245,255
'15US',101,155245,161645,240
'15US',101,161645,164730,205
'15US',101,164730,170320,190
'15US',101,170320,171020,210
'15US',101,171020,172135,225
'15US',101,172135,172935,240
'15US',101,172935,174250,265
'15US',101,174250,174735,285
'15US',101,174735,175235,300
'15US',101,175235,182835,360
'15US',101,182835,185635,420
'15US',101,185635,202635,450
'15US',101,202635,214955,500
'15US',101,214955,220825,555
'15US',101,220825,241325,625
'15US',101,241325,242400,635
'15US',101,242400,243500,660
