'17UA',400,53000,120000,600
'17UA',400,120000,120800,480
'17UA',400,120800,181440,400
'17UA',400,181440,244940,300
'17UA',400,244940,245500,320
'17UA',400,245500,250030,330
'17UA',400,250030,251830,360
'17UA',400,251830,253000,690
'17UA',401,53000,115000,600
'17UA',401,115000,115800,480
'17UA',401,115800,180440,400
'17UA',401,180440,244940,300
'17UA',401,244940,250140,360
'17UA',401,250140,250925,465
'17UA',401,250925,251940,615
'17UA',401,251940,253000,620
'17UF1',400,53000,120000,600
'17UF1',400,120000,120800,480
'17UF1',400,120800,181440,400
'17UF1',400,181440,244940,300
'17UF1',400,244940,245500,320
'17UF1',400,245500,250030,330
'17UF1',400,250030,251830,360
'17UF1',400,251830,253000,690
'17UF1',401,53000,115000,600
'17UF1',401,115000,115800,480
'17UF1',401,115800,180440,400
'17UF1',401,180440,244940,300
'17UF1',401,244940,250140,360
'17UF1',401,250140,250925,465
'17UF1',401,250925,251940,615
'17UF1',401,251940,253000,620
'17UF2',400,53000,120000,600
'17UF2',400,120000,120800,480
'17UF2',400,120800,181440,400
'17UF2',400,181440,244940,300
'17UF2',400,244940,245500,320
'17UF2',400,245500,250030,330
'17UF2',400,250030,251830,360
'17UF2',400,251830,253000,690
'17UF2',401,53000,115000,600
'17UF2',401,115000,115800,480
'17UF2',401,115800,180440,400
'17UF2',401,180440,244940,300
'17UF2',401,244940,250140,360
'17UF2',401,250140,250925,465
'17UF2',401,250925,251940,615
'17UF2',401,251940,253000,620
'17UI',400,53000,120000,600
'17UI',400,120000,120800,480
'17UI',400,120800,181440,400
'17UI',400,181440,241440,300
'17UI',400,241440,242010,330
'17UI',400,242010,242610,360
'17UI',400,242610,243230,380
'17UI',400,243230,244830,480
'17UI',400,244830,250000,690
'17UI',401,53000,115000,600
'17UI',401,115000,115800,480
'17UI',401,115800,180440,400
'17UI',401,180440,240940,300
'17UI',401,240940,241525,345
'17UI',401,241525,242125,360
'17UI',401,242125,243000,515
'17UI',401,243000,243930,570
'17UI',401,243930,244930,600
'17UI',401,244930,250000,630
'17US',400,53000,70000,600
'17US',400,70000,70600,360
'17US',400,70600,71100,300
'17US',400,71100,84600,285
'17US',400,84600,91000,360
'17US',400,91000,152000,600
'17US',400,152000,152930,570
'17US',400,152930,162010,380
'17US',400,162010,180925,285
'17US',400,180925,183445,380
'17US',400,183445,184135,410
'17US',400,184135,194005,585
'17US',400,194005,195000,595
'17US',400,195000,244000,600
'17US',400,244000,244830,510
'17US',400,244830,250000,690
'17US',401,53000,65000,600
'17US',401,65000,65600,360
'17US',401,65600,70120,320
'17US',401,70120,83620,285
'17US',401,83620,84150,330
'17US',401,84150,85950,360
'17US',401,85950,151950,600
'17US',401,151950,161030,380
'17US',401,161030,175945,285
'17US',401,175945,183125,380
'17US',401,183125,192010,585
'17US',401,192010,193000,590
'17US',401,193000,250000,600
