'16NA',200,53000,54110,670
'16NA',200,54110,55210,660
'16NA',200,55210,60225,615
'16NA',200,60225,61235,610
'16NA',200,61235,62235,600
'16NA',200,62235,83205,555
'16NA',200,83205,90845,550
'16NA',200,90845,103345,510
'16NA',200,103345,104110,445
'16NA',200,104110,115430,440
'16NA',200,115430,120145,435
'16NA',200,120145,121525,410
'16NA',200,121525,122205,400
'16NA',200,122205,122840,395
'16NA',200,122840,185340,385
'16NA',200,185340,190010,390
'16NA',200,190010,191440,435
'16NA',200,191440,202040,440
'16NA',200,202040,205200,470
'16NA',200,205200,210800,480
'16NA',200,210800,213330,510
'16NA',200,213330,232430,555
'16NA',200,232430,241430,600
'16NA',200,241430,244600,630
'16NA',200,244600,245710,670
'16NA',200,245710,250900,710
'16NA',201,53000,55230,675
'16NA',201,55230,60335,665
'16NA',201,60335,63635,660
'16NA',201,63635,70720,615
'16NA',201,70720,74420,555
'16NA',201,74420,81150,550
'16NA',201,81150,101920,510
'16NA',201,101920,102745,505
'16NA',201,102745,123945,440
'16NA',201,123945,124700,435
'16NA',201,124700,130040,410
'16NA',201,130040,131400,400
'16NA',201,131400,184740,385
'16NA',201,184740,185410,390
'16NA',201,185410,190840,435
'16NA',201,190840,211320,440
'16NA',201,211320,213650,470
'16NA',201,213650,215250,480
'16NA',201,215250,221820,510
'16NA',201,221820,222705,525
'16NA',201,222705,235020,555
'16NA',201,235020,241850,570
'16NA',201,241850,244850,600
'16NA',201,244850,250000,670
'16NF1',200,52400,53630,750
'16NF1',200,53630,61000,670
'16NF1',200,61000,240000,600
'16NF1',200,240000,241030,630
'16NF1',200,241030,242140,670
'16NF1',200,242140,243300,680
'16NF1',201,53000,243000,600
'16NF2',200,52400,62400,600
'16NF2',200,62400,91030,555
'16NF2',200,91030,95145,495
'16NF2',200,95145,95915,450
'16NF2',200,95915,120355,440
'16NF2',200,120355,121110,435
'16NF2',200,121110,190150,385
'16NF2',200,190150,190935,465
'16NF2',200,190935,223335,510
'16NF2',200,223335,231415,610
'16NF2',200,231415,235615,630
'16NF2',200,235615,240705,650
'16NF2',200,240705,241935,750
'16NF2',200,241935,243300,805
'16NF2',201,53000,54130,690
'16NF2',201,54130,61430,660
'16NF2',201,61430,71430,600
'16NF2',201,71430,72415,585
'16NF2',201,72415,81945,555
'16NF2',201,81945,95845,495
'16NF2',201,95845,100635,470
'16NF2',201,100635,120355,440
'16NF2',201,120355,121110,435
'16NF2',201,121110,184235,385
'16NF2',201,184235,192635,440
'16NF2',201,192635,225035,510
'16NF2',201,225035,233805,570
'16NF2',201,233805,234815,610
'16NF2',201,234815,241900,615
'16NF2',201,241900,243000,660
'16NF3',200,52400,53630,750
'16NF3',200,53630,61000,670
'16NF3',200,61000,240000,600
'16NF3',200,240000,241030,630
'16NF3',200,241030,242140,670
'16NF3',200,242140,243300,680
'16NF3',201,53000,243000,600
'16NF4',200,53000,64110,610
'16NF4',200,64110,65115,605
'16NF4',200,65115,70115,600
'16NF4',200,70115,91045,555
'16NF4',200,91045,93815,550
'16NF4',200,93815,112950,515
'16NF4',200,112950,130450,475
'16NF4',200,130450,131230,460
'16NF4',200,131230,171140,410
'16NF4',200,171140,183940,440
'16NF4',200,183940,201340,470
'16NF4',200,201340,214710,510
'16NF4',200,214710,223325,555
'16NF4',200,223325,240455,610
'16NF4',200,240455,242715,670
'16NF4',200,242715,243900,705
'16NF4',201,53000,60330,670
'16NF4',201,60330,61425,655
'16NF4',201,61425,74555,610
'16NF4',201,74555,81340,555
'16NF4',201,81340,83200,550
'16NF4',201,83200,84105,545
'16NF4',201,84105,120705,515
'16NF4',201,120705,135000,475
'16NF4',201,135000,135740,460
'16NF4',201,135740,175000,410
'16NF4',201,175000,193240,440
'16NF4',201,193240,205850,470
'16NF4',201,205850,223220,510
'16NF4',201,223220,230920,555
'16NF4',201,230920,234920,600
'16NF4',201,234920,243000,610
'16NI',200,53000,64110,610
'16NI',200,64110,65115,605
'16NI',200,65115,70115,600
'16NI',200,70115,91045,555
'16NI',200,91045,93815,550
'16NI',200,93815,112950,515
'16NI',200,112950,130450,475
'16NI',200,130450,131230,460
'16NI',200,131230,171140,410
'16NI',200,171140,183940,440
'16NI',200,183940,201340,470
'16NI',200,201340,214710,510
'16NI',200,214710,223325,555
'16NI',200,223325,240455,610
'16NI',200,240455,242715,670
'16NI',200,242715,243900,705
'16NI',201,53000,60330,670
'16NI',201,60330,61425,655
'16NI',201,61425,74555,610
'16NI',201,74555,81340,555
'16NI',201,81340,83200,550
'16NI',201,83200,84105,545
'16NI',201,84105,120705,515
'16NI',201,120705,135000,475
'16NI',201,135000,135740,460
'16NI',201,135740,175000,410
'16NI',201,175000,193240,440
'16NI',201,193240,205850,470
'16NI',201,205850,223220,510
'16NI',201,223220,230920,555
'16NI',201,230920,234920,600
'16NI',201,234920,243000,610
'16NS',200,53000,53755,475
'16NS',200,53755,55355,480
'16NS',200,55355,61725,470
'16NS',200,61725,62500,455
'16NS',200,62500,63450,295
'16NS',200,63450,63930,280
'16NS',200,63930,64340,250
'16NS',200,64340,70250,230
'16NS',200,70250,71020,225
'16NS',200,71020,71710,205
'16NS',200,71710,72710,200
'16NS',200,72710,74640,195
'16NS',200,74640,75700,155
'16NS',200,75700,81700,150
'16NS',200,81700,81940,160
'16NS',200,81940,82440,150
'16NS',200,82440,82720,160
'16NS',200,82720,83220,150
'16NS',200,83220,83530,190
'16NS',200,83530,84200,195
'16NS',200,84200,85620,215
'16NS',200,85620,90735,225
'16NS',200,90735,91655,280
'16NS',200,91655,92225,330
'16NS',200,92225,92805,340
'16NS',200,92805,95105,345
'16NS',200,95105,143305,360
'16NS',200,143305,143855,350
'16NS',200,143855,144445,175
'16NS',200,144445,144920,275
'16NS',200,144920,150720,270
'16NS',200,150720,152500,265
'16NS',200,152500,153200,210
'16NS',200,153200,153515,195
'16NS',200,153515,154655,175
'16NS',200,154655,155735,160
'16NS',200,155735,160025,170
'16NS',200,160025,161105,160
'16NS',200,161105,161725,190
'16NS',200,161725,162355,195
'16NS',200,162355,170925,210
'16NS',200,170925,172240,265
'16NS',200,172240,182120,320
'16NS',200,182120,182635,315
'16NS',200,182635,183715,320
'16NS',200,183715,194740,325
'16NS',200,194740,210540,390
'16NS',200,210540,213300,410
'16NS',200,213300,213940,400
'16NS',200,213940,224800,410
'16NS',200,224800,225535,455
'16NS',200,225535,242935,470
'16NS',200,242935,243855,560
'16NS',201,53000,61000,480
'16NS',201,61000,61730,450
'16NS',201,61730,62400,390
'16NS',201,62400,63600,360
'16NS',201,63600,64150,350
'16NS',201,64150,65835,335
'16NS',201,65835,72105,270
'16NS',201,72105,74015,230
'16NS',201,74015,74745,225
'16NS',201,74745,75505,220
'16NS',201,75505,80205,210
'16NS',201,80205,81755,190
'16NS',201,81755,85655,195
'16NS',201,85655,90335,200
'16NS',201,90335,93505,210
'16NS',201,93505,93845,220
'16NS',201,93845,95345,225
'16NS',201,95345,95750,245
'16NS',201,95750,101305,305
'16NS',201,101305,103005,340
'16NS',201,103005,145405,360
'16NS',201,145405,145905,300
'16NS',201,145905,150335,270
'16NS',201,150335,152905,255
'16NS',201,152905,154105,240
'16NS',201,154105,155835,210
'16NS',201,155835,161450,195
'16NS',201,161450,162020,165
'16NS',201,162020,162540,160
'16NS',201,162540,170410,165
'16NS',201,170410,171040,195
'16NS',201,171040,171400,200
'16NS',201,171400,175230,210
'16NS',201,175230,175700,270
'16NS',201,175700,185200,300
'16NS',201,185200,185710,310
'16NS',201,185710,191310,320
'16NS',201,191310,201140,390
'16NS',201,201140,203820,400
'16NS',201,203820,232220,410
'16NS',201,232220,235835,435
'16NS',201,235835,240600,445
'16NS',201,240600,243000,480
