'14NA',500,53000,80400,660
'14NA',500,80400,92800,630
'14NA',500,92800,195700,510
'14NA',500,195700,220300,630
'14NA',500,220300,241500,660
'14NA',501,53000,80400,660
'14NA',501,80400,90700,630
'14NA',501,90700,193600,510
'14NA',501,193600,220300,630
'14NA',501,220300,241500,660
'14NF1',500,53000,172940,635
'14NF1',500,172940,241500,640
'14NF1',501,53000,172940,635
'14NF1',501,172940,241500,640
'14NF2',500,53000,80400,660
'14NF2',500,80400,92800,630
'14NF2',500,92800,195700,510
'14NF2',500,195700,220300,630
'14NF2',500,220300,241500,660
'14NF2',501,53000,80400,660
'14NF2',501,80400,90700,630
'14NF2',501,90700,193600,510
'14NF2',501,193600,220300,630
'14NF2',501,220300,241500,660
'14NF3',500,53000,172940,635
'14NF3',500,172940,241500,640
'14NF3',501,53000,172940,635
'14NF3',501,172940,241500,640
'14NF4',500,53000,80400,660
'14NF4',500,80400,92800,630
'14NF4',500,92800,195700,510
'14NF4',500,195700,220300,630
'14NF4',500,220300,241500,660
'14NF4',501,53000,80400,660
'14NF4',501,80400,90700,630
'14NF4',501,90700,193600,510
'14NF4',501,193600,220300,630
'14NF4',501,220300,241500,660
'14NI',500,53000,80400,660
'14NI',500,80400,92800,630
'14NI',500,92800,195700,510
'14NI',500,195700,220300,630
'14NI',500,220300,241500,660
'14NI',501,53000,80400,660
'14NI',501,80400,90700,630
'14NI',501,90700,193600,510
'14NI',501,193600,220300,630
'14NI',501,220300,241500,660
'14NS',500,53000,54700,510
'14NS',500,54700,60130,435
'14NS',500,60130,60740,370
'14NS',500,60740,62410,330
'14NS',500,62410,85710,270
'14NS',500,85710,91310,320
'14NS',500,91310,144850,380
'14NS',500,144850,145405,315
'14NS',500,145405,145915,310
'14NS',500,145915,181730,305
'14NS',500,181730,230015,435
'14NS',500,230015,235245,525
'14NS',500,235245,240315,630
'14NS',500,240315,241500,705
'14NS',501,53000,55100,630
'14NS',501,55100,60530,435
'14NS',501,60530,61100,330
'14NS',501,61100,61540,280
'14NS',501,61540,75010,270
'14NS',501,75010,81010,240
'14NS',501,81010,83240,270
'14NS',501,83240,85740,300
'14NS',501,85740,145220,380
'14NS',501,145220,151300,310
'14NS',501,151300,180550,305
'14NS',501,180550,181750,360
'14NS',501,181750,232220,435
'14NS',501,232220,240605,525
'14NS',501,240605,241500,535
